"Transaction ID","Transaction Type (Short)","Timekeeper Nickname 1","Time Spent (optional rounding)","Rate Value","Rate Type","Transaction Date","Activity Nickname 1","Quantity","Price","Slip Value","Billing Status","Client Nickname 1","Description","Reference Nickname 1",
"10001","TIME","CoreyM","1:12:00","102.01","Hourly","01/01/2013","Build Structure","0.000","0.00","122.41","Billable","Abington","Create something new","AAA-Project"
"10002","TIME","JamesR","2:12:00","105.02","Hourly","01/01/2013","DemoS","0.000","0.00","231.04","Billable","Acton","Rip down something old","ACTON-Project01"
"10003","TIME","SamS","3:12:00","103.03","Hourly","01/01/2013","Fix","0.000","0.00","329.70","Billable","Acushnet","Take something old and make it better","ACUSH-Project02"
"10004","TIME","ShawnR","6:12:00","104.04","Hourly","01/01/2013","DesignS","0.000","0.00","645.05","Billable","Adams","Noodle about a new structure","EEE-Project"
"10005","TIME","TomH","4:12:00","101.05","Hourly","01/01/2013","Bid","0.000","0.00","424.41","Override","Agawam","Promise you can do something great","III-Project"
"10006","TIME","CoreyM","5:12:00","102.06","Hourly","07/27/2013","Clean","0.000","0.00","530.71","Do Not Bill","Alford","Take away wreckage and trash and then sweep up","OOO-Project"
"10007","TIME","JamesR","7:12:00","105.07","Hourly","07/27/2013","DesignL","0.000","0.00","756.50","Override","Amesbury","Noodle about landscape","UUU-Project"
"10008","TIME","SamS","8:12:00","103.08","Hourly","07/27/2013","Planting","0.000","0.00","845.26","Override","Amherst","Plant all kinds of stuff",""
"10009","TIME","ShawnR","9:12:00","104.09","Hourly","07/27/2013","Lot Maintenance","0.000","0.00","957.63","Override","Andover","Mow, trim, dig up, and spread","AAA-Project"
"10010","TIME","TomH","10:12:00","101.10","Hourly","07/27/2013","Water Feature","0.000","0.00","1031.22","No Charge","Aquinnah","Make something splash and flow","AQUIN-Project01"
"10011","TIME","CoreyM","11:12:00","102.11","Hourly","01/02/2013","Pave","0.000","0.00","1143.63","Billable","Arlington","Create pretty pattern with stones","ARLIN-Project02"
"10012","TIME","JamesR","1:12:00","105.12","Hourly","01/02/2013","Build Structure","0.000","0.00","126.14","Billable","Ashburnham","Create something new","EEE-Project"
"10013","TIME","SamS","2:12:00","103.13","Hourly","01/02/2013","DemoS","0.000","0.00","226.89","Billable","Ashby","Rip down something old","III-Project"
"10014","TIME","ShawnR","3:12:00","104.14","Hourly","01/02/2013","Fix","0.000","0.00","333.25","Billable","Ashfield","Take something old and make it better","OOO-Project"
"10015","TIME","TomH","6:12:00","101.15","Hourly","01/02/2013","DesignS","0.000","0.00","627.13","Billable","Ashland","Noodle about a new structure","UUU-Project"
"10016","TIME","CoreyM","4:12:00","102.16","Hourly","01/02/2013","Bid","0.000","0.00","429.07","Override","Athol","Promise you can do something great",""
"10017","TIME","JamesR","5:12:00","105.17","Hourly","01/03/2013","Clean","0.000","0.00","546.88","Do Not Bill","Attleboro","Take away wreckage and trash and then sweep up","AAA-Project"
"10018","TIME","SamS","7:12:00","103.18","Hourly","01/03/2013","DesignL","0.000","0.00","742.90","Billable","Auburn","Noodle about landscape","AUBUR-Project01"
"10019","TIME","ShawnR","8:12:00","104.19","Hourly","01/03/2013","Planting","0.000","0.00","854.36","Billable","Avon","Plant all kinds of stuff","AVON-Project02"
"10020","TIME","TomH","9:12:00","101.20","Hourly","01/03/2013","Lot Maintenance","0.000","0.00","931.04","Override","Ayer","Mow, trim, dig up, and spread","EEE-Project"
"10021","TIME","CoreyM","10:12:00","317.01","Hourly","01/03/2013","Water Feature","0.000","0.00","3233.50","No Charge","Barnstable","Make something splash and flow","III-Project"
"10022","TIME","JamesR","11:12:00","4.02","Hourly","01/03/2013","Pave","0.000","0.00","45.02","Billable","Barre","Create pretty pattern with stones","OOO-Project"
"10023","TIME","SamS","1:12:00","50.03","Hourly","01/03/2013","Build Structure","0.000","0.00","60.04","Billable","Becket","Create something new","UUU-Project"
"10024","TIME","ShawnR","2:12:00","168.04","Hourly","01/03/2013","DemoS","0.000","0.00","369.69","Billable","Bedford","Rip down something old",""
"10025","TIME","TomH","3:12:00","5.05","Hourly","01/04/2013","Fix","0.000","0.00","16.16","Billable","Belchertown","Take something old and make it better","AAA-Project"
"10026","TIME","CoreyM","6:12:00","236.06","Hourly","01/04/2013","DesignS","0.000","0.00","1463.57","Billable","Bellingham","Noodle about a new structure","BELLI-Project01"
"10027","TIME","JamesR","4:12:00","302.07","Hourly","01/04/2013","Bid","0.000","0.00","1268.69","Override","Belmont","Promise you can do something great","BELMO-Project02"
"10028","TIME","SamS","5:12:00","349.08","Hourly","01/04/2013","Clean","0.000","0.00","1815.22","Do Not Bill","Berkley","Take away wreckage and trash and then sweep up","EEE-Project"
"10029","TIME","ShawnR","7:12:00","126.09","Hourly","01/04/2013","DesignL","0.000","0.00","907.85","Billable","Berlin","Noodle about landscape","III-Project"
"10030","TIME","TomH","8:12:00","85.10","Hourly","01/04/2013","Planting","0.000","0.00","697.82","Billable","Bernardston","Plant all kinds of stuff","OOO-Project"
"10031","TIME","CoreyM","5:58:48","215.11","Hourly","01/04/2013","Lot Maintenance","0.000","0.00","1286.36","Override","Beverly","Mow, trim, dig up, and spread","UUU-Project"
"10032","TIME","JamesR","10:12:00","190.12","Hourly","01/04/2013","Water Feature","0.000","0.00","1939.22","No Charge","Billerica","Make something splash and flow",""
"10033","TIME","SamS","11:12:00","127.13","Hourly","01/05/2013","Pave","0.000","0.00","1423.86","Billable","Blackstone","Create pretty pattern with stones","AAA-Project"
"10034","TIME","ShawnR","1:12:00","6.14","Hourly","01/05/2013","Build Structure","0.000","0.00","7.37","Billable","Blandford","Create something new","BLAND-Project01"
"10035","TIME","TomH","2:12:00","169.15","Hourly","01/05/2013","DemoS","0.000","0.00","372.13","Billable","Bolton","Rip down something old","BOLTO-Project02"
"10036","TIME","CoreyM","3:12:00","259.16","Hourly","01/05/2013","Fix","0.000","0.00","829.31","Billable","Boston","Take something old and make it better","EEE-Project"
"10037","TIME","JamesR","6:12:00","306.17","Hourly","01/05/2013","DesignS","0.000","0.00","1898.25","Billable","Bourne","Noodle about a new structure","III-Project"
"10038","TIME","SamS","4:12:00","165.18","Hourly","01/05/2013","Bid","0.000","0.00","693.76","Override","Boxborough","Promise you can do something great","OOO-Project"
"10039","TIME","ShawnR","5:12:00","216.19","Hourly","01/05/2013","Clean","0.000","0.00","1124.19","Do Not Bill","Boxford","Take away wreckage and trash and then sweep up","UUU-Project"
"10040","TIME","TomH","7:12:00","128.20","Hourly","01/05/2013","DesignL","0.000","0.00","923.04","Billable","Boylston","Noodle about landscape",""
"10041","TIME","CoreyM","8:12:00","108.01","Hourly","01/06/2013","Planting","0.000","0.00","885.68","Billable","Braintree","Plant all kinds of stuff","AAA-Project"
"10042","TIME","JamesR","9:12:00","109.02","Hourly","01/06/2013","Lot Maintenance","0.000","0.00","1002.98","Override","Brewster","Mow, trim, dig up, and spread","BREWS-Project01"
"10043","TIME","SamS","10:12:00","110.03","Hourly","01/06/2013","Water Feature","0.000","0.00","1122.31","No Charge","Bridgewater","Make something splash and flow","BRIDG-Project02"
"10044","TIME","ShawnR","11:12:00","111.04","Hourly","01/06/2013","Pave","0.000","0.00","1243.65","Billable","Brimfield","Create pretty pattern with stones","EEE-Project"
"10045","TIME","TomH","1:12:00","101.05","Hourly","01/06/2013","Build Structure","0.000","0.00","121.26","Billable","Brockton","Create something new","III-Project"
"10046","TIME","CoreyM","2:12:00","102.06","Hourly","01/06/2013","DemoS","0.000","0.00","224.53","Billable","Brookfield","Rip down something old","OOO-Project"
"10047","TIME","JamesR","3:12:00","103.07","Hourly","01/06/2013","Fix","0.000","0.00","329.82","Billable","Brookline","Take something old and make it better","UUU-Project"
"10048","TIME","SamS","6:12:00","106.08","Hourly","01/06/2013","DesignS","0.000","0.00","657.70","Billable","Buckland","Noodle about a new structure",""
"10049","TIME","ShawnR","4:12:00","104.09","Hourly","01/07/2013","Bid","0.000","0.00","437.18","Override","Burlington","Promise you can do something great","AAA-Project"
"10050","TIME","TomH","5:12:00","105.10","Hourly","01/07/2013","Clean","0.000","0.00","546.52","Do Not Bill","Cambridge","Take away wreckage and trash and then sweep up","CAMBR-Project01"
"10051","TIME","CoreyM","7:12:00","107.11","Hourly","01/07/2013","DesignL","0.000","0.00","771.19","Billable","Canton","Noodle about landscape","CANTO-Project02"
"10052","TIME","JamesR","8:12:00","108.12","Hourly","01/07/2013","Planting","0.000","0.00","886.58","Billable","Carlisle","Plant all kinds of stuff","EEE-Project"
"10053","TIME","SamS","9:12:00","109.13","Hourly","01/07/2013","Lot Maintenance","0.000","0.00","1004.00","Override","Carver","Mow, trim, dig up, and spread","III-Project"
"10054","TIME","ShawnR","10:12:00","110.14","Hourly","01/07/2013","Water Feature","0.000","0.00","1123.43","No Charge","Charlemont","Make something splash and flow","OOO-Project"
"10055","TIME","TomH","11:12:00","111.15","Hourly","01/07/2013","Pave","0.000","0.00","1244.88","Billable","Charlton","Create pretty pattern with stones","UUU-Project"
"10056","TIME","CoreyM","1:12:00","101.16","Hourly","01/07/2013","Build Structure","0.000","0.00","121.39","Billable","Chatham","Create something new",""
"10057","TIME","JamesR","2:12:00","102.17","Hourly","01/08/2013","DemoS","0.000","0.00","224.77","Billable","Chelmsford","Rip down something old","AAA-Project"
"10058","TIME","SamS","3:12:00","103.18","Hourly","01/08/2013","Fix","0.000","0.00","330.18","Billable","Chelsea","Take something old and make it better","CHELS-Project01"
"10059","TIME","ShawnR","6:12:00","106.19","Hourly","01/08/2013","DesignS","0.000","0.00","658.38","Billable","Cheshire","Noodle about a new structure","CHESH-Project02"
"10060","TIME","TomH","4:12:00","104.20","Hourly","01/08/2013","Bid","0.000","0.00","437.64","Override","Chester","Promise you can do something great","EEE-Project"
"10061","TIME","CoreyM","5:12:00","102.01","Hourly","01/08/2013","Clean","0.000","0.00","530.45","Do Not Bill","Chesterfield","Take away wreckage and trash and then sweep up","III-Project"
"10062","TIME","JamesR","7:12:00","105.02","Hourly","01/08/2013","DesignL","0.000","0.00","756.14","Billable","Chicopee","Noodle about landscape","OOO-Project"
"10063","TIME","SamS","8:12:00","103.03","Hourly","01/08/2013","Planting","0.000","0.00","844.85","Billable","Chilmark","Plant all kinds of stuff","UUU-Project"
"10064","TIME","ShawnR","9:12:00","104.04","Hourly","01/08/2013","Lot Maintenance","0.000","0.00","957.17","Override","Clarksburg","Mow, trim, dig up, and spread",""
"10065","TIME","TomH","10:12:00","101.05","Hourly","01/09/2013","Water Feature","0.000","0.00","1030.71","No Charge","Clinton","Make something splash and flow","AAA-Project"
"10066","TIME","CoreyM","11:12:00","102.06","Hourly","01/09/2013","Pave","0.000","0.00","1143.07","Billable","Cohasset","Create pretty pattern with stones","COHAS-Project01"
"10067","TIME","JamesR","1:12:00","105.07","Hourly","01/09/2013","Build Structure","0.000","0.00","126.08","Billable","Colrain","Create something new","COLRA-Project02"
"10068","TIME","SamS","2:12:00","103.08","Hourly","01/09/2013","DemoS","0.000","0.00","226.78","Billable","Concord","Rip down something old","EEE-Project"
"10069","TIME","ShawnR","3:12:00","104.09","Hourly","01/09/2013","Fix","0.000","0.00","333.09","Billable","Conway","Take something old and make it better","III-Project"
"10070","TIME","TomH","6:12:00","101.10","Hourly","01/09/2013","DesignS","0.000","0.00","626.82","Billable","Cummington","Noodle about a new structure","OOO-Project"
"10071","TIME","CoreyM","4:12:00","102.11","Hourly","01/09/2013","Bid","0.000","0.00","428.86","Override","Dalton","Promise you can do something great","UUU-Project"
"10072","TIME","JamesR","5:12:00","105.12","Hourly","01/09/2013","Clean","0.000","0.00","546.62","Do Not Bill","Danvers","Take away wreckage and trash and then sweep up",""
"10073","TIME","SamS","7:12:00","103.13","Hourly","01/10/2013","DesignL","0.000","0.00","742.54","Billable","Dartmouth","Noodle about landscape","AAA-Project"
"10074","TIME","ShawnR","8:12:00","104.14","Hourly","01/10/2013","Planting","0.000","0.00","853.95","Billable","Dedham","Plant all kinds of stuff","DEDHA-Project01"
"10075","TIME","TomH","9:12:00","101.15","Hourly","01/10/2013","Lot Maintenance","0.000","0.00","930.58","Override","Deerfield","Mow, trim, dig up, and spread","DEERF-Project02"
"10076","TIME","CoreyM","10:12:00","102.16","Hourly","01/10/2013","Water Feature","0.000","0.00","1042.03","No Charge","Dennis","Make something splash and flow","EEE-Project"
"10077","TIME","JamesR","11:12:00","105.17","Hourly","01/10/2013","Pave","0.000","0.00","1177.90","Billable","Dighton","Create pretty pattern with stones","III-Project"
"10078","TIME","SamS","1:12:00","103.18","Hourly","01/10/2013","Build Structure","0.000","0.00","123.82","Billable","Douglas","Create something new","OOO-Project"
"10079","TIME","ShawnR","2:12:00","104.19","Hourly","01/10/2013","DemoS","0.000","0.00","229.22","Billable","Dover","Rip down something old","UUU-Project"
"10080","TIME","TomH","3:12:00","101.20","Hourly","01/10/2013","Fix","0.000","0.00","323.84","Billable","Dracut","Take something old and make it better",""
"10081","TIME","CoreyM","6:12:00","156.01","Hourly","01/11/2013","DesignS","0.000","0.00","967.26","Billable","Dudley","Noodle about a new structure","AAA-Project"
"10082","TIME","JamesR","4:12:00","193.02","Hourly","01/11/2013","Bid","0.000","0.00","810.68","Override","Dunstable","Promise you can do something great","DUNST-Project01"
"10083","TIME","SamS","5:12:00","278.03","Hourly","01/11/2013","Clean","0.000","0.00","1445.76","Do Not Bill","Duxbury","Take away wreckage and trash and then sweep up","DUXBU-Project02"
"10084","TIME","ShawnR","7:12:00","279.04","Hourly","01/11/2013","DesignL","0.000","0.00","2009.09","Billable","East.Bridgewater","Noodle about landscape","EEE-Project"
"10085","TIME","TomH","8:12:00","132.05","Hourly","01/11/2013","Planting","0.000","0.00","1082.81","Billable","East.Brookfield","Plant all kinds of stuff","III-Project"
"10086","TIME","CoreyM","9:12:00","14.06","Hourly","01/11/2013","Lot Maintenance","0.000","0.00","129.35","Override","East.Longmeadow","Mow, trim, dig up, and spread","OOO-Project"
"10087","TIME","JamesR","10:12:00","321.07","Hourly","01/11/2013","Water Feature","0.000","0.00","3274.91","No Charge","Eastham","Make something splash and flow","UUU-Project"
"10088","TIME","SamS","11:12:00","12.08","Hourly","01/11/2013","Pave","0.000","0.00","135.30","Billable","Easthampton","Create pretty pattern with stones",""
"10089","TIME","ShawnR","1:12:00","280.09","Hourly","01/12/2013","Build Structure","0.000","0.00","336.11","Billable","Easton","Create something new","AAA-Project"
"10090","TIME","TomH","2:12:00","309.10","Hourly","01/12/2013","DemoS","0.000","0.00","680.02","Billable","Edgartown","Rip down something old","EDGAR-Project01"
"10091","TIME","CoreyM","3:12:00","75.11","Hourly","01/12/2013","Fix","0.000","0.00","240.35","Billable","Egremont","Take something old and make it better","EGREM-Project01"
"10092","TIME","JamesR","6:12:00","93.12","Hourly","01/12/2013","DesignS","0.000","0.00","577.34","Billable","Erving","Noodle about a new structure","ERVIN-Project02"
"10093","TIME","SamS","4:12:00","218.13","Hourly","01/12/2013","Bid","0.000","0.00","916.15","Override","Essex","Promise you can do something great","III-Project"
"10094","TIME","ShawnR","5:12:00","263.14","Hourly","01/12/2013","Clean","0.000","0.00","1368.33","Do Not Bill","Everett","Take away wreckage and trash and then sweep up","OOO-Project"
"10095","TIME","TomH","7:12:00","334.15","Hourly","01/12/2013","DesignL","0.000","0.00","2405.88","Billable","Fairhaven","Noodle about landscape","UUU-Project"
"10096","TIME","CoreyM","8:12:00","335.16","Hourly","01/12/2013","Planting","0.000","0.00","2748.31","Billable","Fall River","Plant all kinds of stuff",""
"10097","TIME","JamesR","9:12:00","310.17","Hourly","01/13/2013","Lot Maintenance","0.000","0.00","2853.56","Override","Falmouth","Mow, trim, dig up, and spread","AAA-Project"
"10098","TIME","SamS","10:12:00","108.18","Hourly","01/13/2013","Water Feature","0.000","0.00","1103.44","No Charge","Fitchburg","Make something splash and flow","EEE-Project"
"10099","TIME","ShawnR","11:12:00","68.19","Hourly","01/13/2013","Pave","0.000","0.00","763.73","Billable","Florida","Create pretty pattern with stones","FLORI-Project01"
"10100","TIME","TomH","1:12:00","241.20","Hourly","01/13/2013","Build Structure","0.000","0.00","289.44","Billable","Foxborough","Create something new","FOXBO-Project02"
"10101","TIME","CoreyM","2:12:00","102.01","Hourly","01/13/2013","DemoS","0.000","0.00","224.42","Billable","Framingham","Rip down something old","III-Project"
"10102","TIME","JamesR","3:12:00","103.02","Hourly","01/13/2013","Fix","0.000","0.00","329.66","Billable","Franklin","Take something old and make it better","OOO-Project"
"10103","TIME","SamS","6:12:00","106.03","Hourly","01/13/2013","DesignS","0.000","0.00","657.39","Billable","Freetown","Noodle about a new structure","UUU-Project"
"10104","TIME","ShawnR","4:12:00","104.04","Hourly","01/13/2013","Bid","0.000","0.00","436.97","Override","Gardner","Promise you can do something great",""
"10105","TIME","TomH","5:12:00","105.05","Hourly","01/14/2013","Clean","0.000","0.00","546.26","Do Not Bill","Georgetown","Take away wreckage and trash and then sweep up","AAA-Project"
"10106","TIME","CoreyM","7:12:00","107.06","Hourly","01/14/2013","DesignL","0.000","0.00","770.83","Billable","Gill","Noodle about landscape","EEE-Project"
"10107","TIME","JamesR","8:12:00","108.07","Hourly","01/14/2013","Planting","0.000","0.00","886.17","Billable","Gloucester","Plant all kinds of stuff","GLOUC-Project01"
"10108","TIME","SamS","9:12:00","109.08","Hourly","01/14/2013","Lot Maintenance","0.000","0.00","1003.54","Override","Goshen","Mow, trim, dig up, and spread","GOSHE-Project02"
"10109","TIME","ShawnR","10:12:00","110.09","Hourly","01/14/2013","Water Feature","0.000","0.00","1122.92","No Charge","Gosnold","Make something splash and flow","III-Project"
"10110","TIME","TomH","11:12:00","111.10","Hourly","01/14/2013","Pave","0.000","0.00","1244.32","Billable","Grafton","Create pretty pattern with stones","OOO-Project"
"10111","TIME","CoreyM","1:12:00","101.11","Hourly","01/14/2013","Build Structure","0.000","0.00","121.33","Billable","Granby","Create something new","UUU-Project"
"10112","TIME","JamesR","2:12:00","102.12","Hourly","01/14/2013","DemoS","0.000","0.00","224.66","Billable","Granville","Rip down something old",""
"10113","TIME","SamS","3:12:00","103.13","Hourly","01/15/2013","Fix","0.000","0.00","330.02","Billable","Great Barrington","Take something old and make it better","AAA-Project"
"10114","TIME","ShawnR","6:12:00","106.14","Hourly","01/15/2013","DesignS","0.000","0.00","658.07","Billable","Greenfield","Noodle about a new structure","EEE-Project"
"10115","TIME","TomH","4:12:00","104.15","Hourly","01/15/2013","Bid","0.000","0.00","437.43","Override","Groton","Promise you can do something great","GROTO-Project01"
"10116","TIME","CoreyM","5:12:00","105.16","Hourly","01/15/2013","Clean","0.000","0.00","546.83","Do Not Bill","Groveland","Take away wreckage and trash and then sweep up","GROVE-Project02"
"10117","TIME","JamesR","7:12:00","107.17","Hourly","01/15/2013","DesignL","0.000","0.00","771.62","Billable","Hadley","Noodle about landscape","III-Project"
"10118","TIME","SamS","8:12:00","108.18","Hourly","01/15/2013","Planting","0.000","0.00","887.08","Billable","Halifax","Plant all kinds of stuff","OOO-Project"
"10119","TIME","ShawnR","9:12:00","109.19","Hourly","01/15/2013","Lot Maintenance","0.000","0.00","1004.55","Override","Hamilton","Mow, trim, dig up, and spread","UUU-Project"
"10120","TIME","TomH","10:12:00","110.20","Hourly","01/15/2013","Water Feature","0.000","0.00","1124.04","No Charge","Hampden","Make something splash and flow",""
"10121","TIME","CoreyM","11:12:00","102.01","Hourly","01/16/2013","Pave","0.000","0.00","1142.51","Billable","Hancock","Create pretty pattern with stones","AAA-Project"
"10122","TIME","JamesR","1:12:00","105.02","Hourly","01/16/2013","Build Structure","0.000","0.00","126.02","Billable","Hanover","Create something new","EEE-Project"
"10123","TIME","SamS","2:12:00","103.03","Hourly","01/16/2013","DemoS","0.000","0.00","226.67","Billable","Hanson","Rip down something old","HANSO-Project01"
"10124","TIME","ShawnR","3:12:00","104.04","Hourly","01/16/2013","Fix","0.000","0.00","332.93","Billable","Hardwick","Take something old and make it better","HARDW-Project02"
"10125","TIME","TomH","6:12:00","101.05","Hourly","01/16/2013","DesignS","0.000","0.00","626.51","Billable","Harvard","Noodle about a new structure","III-Project"
"10126","TIME","CoreyM","4:12:00","102.06","Hourly","01/16/2013","Bid","0.000","0.00","428.65","Override","Harwich","Promise you can do something great","OOO-Project"
"10127","TIME","JamesR","5:12:00","105.07","Hourly","01/16/2013","Clean","0.000","0.00","546.36","Do Not Bill","Hatfield","Take away wreckage and trash and then sweep up","UUU-Project"
"10128","TIME","SamS","7:12:00","103.08","Hourly","01/16/2013","DesignL","0.000","0.00","742.18","Billable","Haverhill","Noodle about landscape",""
"10129","TIME","ShawnR","8:12:00","104.09","Hourly","01/17/2013","Planting","0.000","0.00","853.54","Billable","Hawley","Plant all kinds of stuff","AAA-Project"
"10130","TIME","TomH","9:12:00","101.10","Hourly","01/17/2013","Lot Maintenance","0.000","0.00","930.12","Override","Heath","Mow, trim, dig up, and spread","EEE-Project"
"10131","TIME","CoreyM","10:12:00","102.11","Hourly","01/17/2013","Water Feature","0.000","0.00","1041.52","No Charge","Hingham","Make something splash and flow","HINGH-Project01"
"10132","TIME","JamesR","11:12:00","105.12","Hourly","01/17/2013","Pave","0.000","0.00","1177.34","Billable","Hinsdale","Create pretty pattern with stones","HINSD-Project02"
"10133","TIME","SamS","1:12:00","103.13","Hourly","01/17/2013","Build Structure","0.000","0.00","123.76","Billable","Holbrook","Create something new","III-Project"
"10134","TIME","ShawnR","2:12:00","104.14","Hourly","01/17/2013","DemoS","0.000","0.00","229.11","Billable","Holden","Rip down something old","OOO-Project"
"10135","TIME","TomH","3:12:00","101.15","Hourly","01/17/2013","Fix","0.000","0.00","323.68","Billable","Holland","Take something old and make it better","UUU-Project"
"10136","TIME","CoreyM","6:12:00","102.16","Hourly","01/17/2013","DesignS","0.000","0.00","633.39","Billable","Holliston","Noodle about a new structure",""
"10137","TIME","JamesR","4:12:00","105.17","Hourly","01/18/2013","Bid","0.000","0.00","441.71","Override","Holyoke","Promise you can do something great","AAA-Project"
"10138","TIME","SamS","5:12:00","103.18","Hourly","01/18/2013","Clean","0.000","0.00","536.54","Do Not Bill","Hopedale","Take away wreckage and trash and then sweep up","EEE-Project"
"10139","TIME","ShawnR","7:12:00","104.19","Hourly","01/18/2013","DesignL","0.000","0.00","750.17","Billable","Hopkinton","Noodle about landscape","HOPKI-Project01"
"10140","TIME","TomH","8:12:00","101.20","Hourly","01/18/2013","Planting","0.000","0.00","829.84","Billable","Hubbardston","Plant all kinds of stuff","HUBBA-Project02"
"10141","TIME","CoreyM","9:12:00","175.01","Hourly","01/18/2013","Lot Maintenance","0.000","0.00","1610.09","Override","Hudson","Mow, trim, dig up, and spread","III-Project"
"10142","TIME","JamesR","10:12:00","244.02","Hourly","01/18/2013","Water Feature","0.000","0.00","2489.00","No Charge","Hull","Make something splash and flow","OOO-Project"
"10143","TIME","SamS","11:12:00","23.03","Hourly","01/18/2013","Pave","0.000","0.00","257.94","Billable","Huntington","Create pretty pattern with stones","UUU-Project"
"10144","TIME","ShawnR","1:12:00","221.04","Hourly","01/18/2013","Build Structure","0.000","0.00","265.25","Billable","Ipswich","Create something new",""
"10145","TIME","TomH","2:12:00","290.05","Hourly","01/19/2013","DemoS","0.000","0.00","638.11","Billable","Kingston","Rip down something old","AAA-Project"
"10146","TIME","CoreyM","3:12:00","286.06","Hourly","01/19/2013","Fix","0.000","0.00","915.39","Billable","Lakeville","Take something old and make it better","EEE-Project"
"10147","TIME","JamesR","6:12:00","137.07","Hourly","01/19/2013","DesignS","0.000","0.00","849.83","Billable","Lancaster","Noodle about a new structure","III-Project"
"10148","TIME","SamS","4:12:00","59.08","Hourly","01/19/2013","Bid","0.000","0.00","248.14","Override","Lanesborough","Promise you can do something great","LANES-Project01"
"10149","TIME","ShawnR","5:12:00","197.09","Hourly","01/19/2013","Clean","0.000","0.00","1024.87","Do Not Bill","Lawrence","Take away wreckage and trash and then sweep up","LAWRE-Project02"
"10150","TIME","TomH","7:12:00","61.10","Hourly","01/19/2013","DesignL","0.000","0.00","439.92","Billable","Lee","Noodle about landscape","OOO-Project"
"10151","TIME","CoreyM","8:12:00","138.11","Hourly","01/19/2013","Planting","0.000","0.00","1132.50","Billable","Leicester","Plant all kinds of stuff","UUU-Project"
"10152","TIME","JamesR","9:12:00","62.12","Hourly","01/19/2013","Lot Maintenance","0.000","0.00","571.50","Override","Lenox","Mow, trim, dig up, and spread",""
"10153","TIME","SamS","10:12:00","117.13","Hourly","01/20/2013","Water Feature","0.000","0.00","1194.73","No Charge","Leominster","Make something splash and flow","AAA-Project"
"10154","TIME","ShawnR","11:12:00","24.14","Hourly","01/20/2013","Pave","0.000","0.00","270.37","Billable","Leverett","Create pretty pattern with stones","EEE-Project"
"10155","TIME","TomH","1:12:00","296.15","Hourly","01/20/2013","Build Structure","0.000","0.00","355.38","Billable","Lexington","Create something new","III-Project"
"10156","TIME","CoreyM","2:12:00","86.16","Hourly","01/20/2013","DemoS","0.000","0.00","189.55","Billable","Leyden","Rip down something old","LEYDE-Project01"
"10157","TIME","JamesR","3:12:00","183.17","Hourly","01/20/2013","Fix","0.000","0.00","586.14","Billable","Lincoln","Take something old and make it better","LINCO-Project02"
"10158","TIME","SamS","6:12:00","118.18","Hourly","01/20/2013","DesignS","0.000","0.00","732.72","Billable","Littleton","Noodle about a new structure","OOO-Project"
"10159","TIME","ShawnR","4:12:00","47.19","Hourly","01/20/2013","Bid","0.000","0.00","198.20","Override","Longmeadow","Promise you can do something great","UUU-Project"
"10160","TIME","TomH","5:12:00","200.20","Hourly","01/20/2013","Clean","0.000","0.00","1041.04","Do Not Bill","Lowell","Take away wreckage and trash and then sweep up",""
"10161","TIME","CoreyM","7:12:00","107.01","Hourly","01/21/2013","DesignL","0.000","0.00","770.47","Billable","Ludlow","Noodle about landscape","AAA-Project"
"10162","TIME","JamesR","8:12:00","108.02","Hourly","01/21/2013","Planting","0.000","0.00","885.76","Billable","Lunenburg","Plant all kinds of stuff","EEE-Project"
"10163","TIME","SamS","9:12:00","109.03","Hourly","01/21/2013","Lot Maintenance","0.000","0.00","1003.08","Override","Lynn","Mow, trim, dig up, and spread","III-Project"
"10164","TIME","ShawnR","10:12:00","110.04","Hourly","01/21/2013","Water Feature","0.000","0.00","1122.41","No Charge","Lynnfield","Make something splash and flow","LYNNF-Project01"
"10165","TIME","TomH","11:12:00","111.05","Hourly","01/21/2013","Pave","0.000","0.00","1243.76","Billable","Malden","Create pretty pattern with stones","MALDE-Project02"
"10166","TIME","CoreyM","1:12:00","101.06","Hourly","01/21/2013","Build Structure","0.000","0.00","121.27","Billable","Manchester-by-the-Sea","Create something new","OOO-Project"
"10167","TIME","JamesR","2:12:00","102.07","Hourly","01/21/2013","DemoS","0.000","0.00","224.55","Billable","Mansfield","Rip down something old","UUU-Project"
"10168","TIME","SamS","3:12:00","103.08","Hourly","01/21/2013","Fix","0.000","0.00","329.86","Billable","Marblehead","Take something old and make it better",""
"10169","TIME","ShawnR","6:12:00","106.09","Hourly","01/22/2013","DesignS","0.000","0.00","657.76","Billable","Marion","Noodle about a new structure","AAA-Project"
"10170","TIME","TomH","4:12:00","104.10","Hourly","01/22/2013","Bid","0.000","0.00","437.22","Override","Marlborough","Promise you can do something great","EEE-Project"
"10171","TIME","CoreyM","5:12:00","105.11","Hourly","01/22/2013","Clean","0.000","0.00","546.57","Do Not Bill","Marshfield","Take away wreckage and trash and then sweep up","III-Project"
"10172","TIME","JamesR","7:12:00","107.12","Hourly","01/22/2013","DesignL","0.000","0.00","771.26","Billable","Mashpee","Noodle about landscape","MASHP-Project01"
"10173","TIME","SamS","8:12:00","108.13","Hourly","01/22/2013","Planting","0.000","0.00","886.67","Billable","Mattapoisett","Plant all kinds of stuff","MATTA-Project02"
"10174","TIME","ShawnR","9:12:00","109.14","Hourly","01/22/2013","Lot Maintenance","0.000","0.00","1004.09","Override","Maynard","Mow, trim, dig up, and spread","OOO-Project"
"10175","TIME","TomH","10:12:00","110.15","Hourly","01/22/2013","Water Feature","0.000","0.00","1123.53","No Charge","Medfield","Make something splash and flow","UUU-Project"
"10176","TIME","CoreyM","11:12:00","111.16","Hourly","01/22/2013","Pave","0.000","0.00","1244.99","Billable","Medford","Create pretty pattern with stones",""
"10177","TIME","JamesR","1:12:00","101.17","Hourly","01/23/2013","Build Structure","0.000","0.00","121.40","Billable","Medway","Create something new","AAA-Project"
"10178","TIME","SamS","2:12:00","102.18","Hourly","01/23/2013","DemoS","0.000","0.00","224.80","Billable","Melrose","Rip down something old","EEE-Project"
"10179","TIME","ShawnR","3:12:00","103.19","Hourly","01/23/2013","Fix","0.000","0.00","330.21","Billable","Mendon","Take something old and make it better","III-Project"
"10180","TIME","TomH","6:12:00","106.20","Hourly","01/23/2013","DesignS","0.000","0.00","658.44","Billable","Merrimac","Noodle about a new structure","MERRI-Project01"
"10181","TIME","CoreyM","4:12:00","102.01","Hourly","01/23/2013","Bid","0.000","0.00","428.44","Override","Methuen","Promise you can do something great","METHU-Project02"
"10182","TIME","JamesR","5:12:00","105.02","Hourly","01/23/2013","Clean","0.000","0.00","546.10","Do Not Bill","Middleborough","Take away wreckage and trash and then sweep up","OOO-Project"
"10183","TIME","SamS","7:12:00","103.03","Hourly","01/23/2013","DesignL","0.000","0.00","741.82","Billable","Middlefield","Noodle about landscape","UUU-Project"
"10184","TIME","ShawnR","8:12:00","104.04","Hourly","01/23/2013","Planting","0.000","0.00","853.13","Billable","Middleton","Plant all kinds of stuff",""
"10185","TIME","TomH","9:12:00","101.05","Hourly","01/24/2013","Lot Maintenance","0.000","0.00","929.66","Override","Milford","Mow, trim, dig up, and spread","AAA-Project"
"10186","TIME","CoreyM","10:12:00","102.06","Hourly","01/24/2013","Water Feature","0.000","0.00","1041.01","No Charge","Millbury","Make something splash and flow","EEE-Project"
"10187","TIME","JamesR","11:12:00","105.07","Hourly","01/24/2013","Pave","0.000","0.00","1176.78","Billable","Millis","Create pretty pattern with stones","III-Project"
"10188","TIME","SamS","1:12:00","103.08","Hourly","01/24/2013","Build Structure","0.000","0.00","123.70","Billable","Millville","Create something new","MILLV-Project01"
"10189","TIME","ShawnR","2:12:00","104.09","Hourly","01/24/2013","DemoS","0.000","0.00","229.00","Billable","Milton","Rip down something old","MILTO-Project02"
"10190","TIME","TomH","3:12:00","101.10","Hourly","01/24/2013","Fix","0.000","0.00","323.52","Billable","Monroe","Take something old and make it better","OOO-Project"
"10191","TIME","CoreyM","6:12:00","102.11","Hourly","01/24/2013","DesignS","0.000","0.00","633.08","Billable","Monson","Noodle about a new structure","UUU-Project"
"10192","TIME","JamesR","4:12:00","105.12","Hourly","01/24/2013","Bid","0.000","0.00","441.50","Override","Montague","Promise you can do something great",""
"10193","TIME","SamS","5:12:00","103.13","Hourly","01/25/2013","Clean","0.000","0.00","536.28","Do Not Bill","Monterey","Take away wreckage and trash and then sweep up","AAA-Project"
"10194","TIME","ShawnR","7:12:00","104.14","Hourly","01/25/2013","DesignL","0.000","0.00","749.81","Billable","Montgomery","Noodle about landscape","EEE-Project"
"10195","TIME","TomH","8:12:00","101.15","Hourly","01/25/2013","Planting","0.000","0.00","829.43","Billable","Mount Washington","Plant all kinds of stuff","III-Project"
"10196","TIME","CoreyM","9:12:00","102.16","Hourly","01/25/2013","Lot Maintenance","0.000","0.00","939.87","Override","Nahant","Mow, trim, dig up, and spread","NAHAN-Project01"
"10197","TIME","JamesR","10:12:00","105.17","Hourly","01/25/2013","Water Feature","0.000","0.00","1072.73","No Charge","Nantucket","Make something splash and flow","NANTU-Project02"
"10198","TIME","SamS","11:12:00","103.18","Hourly","01/25/2013","Pave","0.000","0.00","1155.62","Billable","Natick","Create pretty pattern with stones","OOO-Project"
"10199","TIME","ShawnR","1:12:00","104.19","Hourly","01/25/2013","Build Structure","0.000","0.00","125.03","Billable","Needham","Create something new","UUU-Project"
"10200","TIME","TomH","2:12:00","101.20","Hourly","01/25/2013","DemoS","0.000","0.00","222.64","Billable","New Ashford","Rip down something old",""
"10201","TIME","CoreyM","3:12:00","339.01","Hourly","01/26/2013","Fix","0.000","0.00","1084.83","Billable","New Bedford","Take something old and make it better","AAA-Project"
"10202","TIME","JamesR","6:12:00","141.02","Hourly","01/26/2013","DesignS","0.000","0.00","874.32","Billable","New Braintree","Noodle about a new structure","EEE-Project"
"10203","TIME","SamS","4:12:00","64.03","Hourly","01/26/2013","Bid","0.000","0.00","268.93","Override","New Marlborough","Promise you can do something great","III-Project"
"10204","TIME","ShawnR","5:12:00","98.04","Hourly","01/26/2013","Clean","0.000","0.00","509.81","Do Not Bill","New Salem","Take away wreckage and trash and then sweep up","NEWSA-Project01"
"10205","TIME","TomH","7:12:00","227.05","Hourly","01/26/2013","DesignL","0.000","0.00","1634.76","Billable","Newbury","Noodle about landscape","NEWBU-Project02"
"10206","TIME","CoreyM","8:12:00","226.06","Hourly","01/26/2013","Planting","0.000","0.00","1853.69","Billable","Newburyport","Plant all kinds of stuff","OOO-Project"
"10207","TIME","JamesR","9:12:00","299.07","Hourly","01/26/2013","Lot Maintenance","0.000","0.00","2751.44","Override","Newton","Mow, trim, dig up, and spread","UUU-Project"
"10208","TIME","SamS","10:12:00","250.08","Hourly","01/26/2013","Water Feature","0.000","0.00","2550.82","No Charge","Norfolk","Make something splash and flow",""
"10209","TIME","ShawnR","11:12:00","66.09","Hourly","01/27/2013","Pave","0.000","0.00","740.21","Billable","North.Adams","Create pretty pattern with stones","AAA-Project"
"10210","TIME","TomH","1:12:00","199.10","Hourly","01/27/2013","Build Structure","0.000","0.00","238.92","Billable","North.Andover","Create something new","EEE-Project"
"10211","TIME","CoreyM","2:12:00","341.11","Hourly","01/27/2013","DemoS","0.000","0.00","750.44","Billable","North.Attleborough","Rip down something old","III-Project"
"10212","TIME","JamesR","3:12:00","144.12","Hourly","01/27/2013","Fix","0.000","0.00","461.18","Billable","North.Brookfield","Take something old and make it better","NORTH-Project01"
"10213","TIME","SamS","6:12:00","202.13","Hourly","01/27/2013","DesignS","0.000","0.00","1253.21","Billable","North.Reading","Noodle about a new structure","NORTH-Project02"
"10214","TIME","ShawnR","4:12:00","27.14","Hourly","01/27/2013","Bid","0.000","0.00","113.99","Override","Northampton","Promise you can do something great","OOO-Project"
"10215","TIME","TomH","5:12:00","142.15","Hourly","01/27/2013","Clean","0.000","0.00","739.18","Do Not Bill","Northborough","Take away wreckage and trash and then sweep up","UUU-Project"
"10216","TIME","CoreyM","7:12:00","143.16","Hourly","01/27/2013","DesignL","0.000","0.00","1030.75","Billable","Northbridge","Noodle about landscape",""
"10217","TIME","JamesR","8:12:00","99.17","Hourly","01/28/2013","Planting","0.000","0.00","813.19","Billable","Northfield","Plant all kinds of stuff","AAA-Project"
"10218","TIME","SamS","9:12:00","343.18","Hourly","01/28/2013","Lot Maintenance","0.000","0.00","3157.26","Override","Norton","Mow, trim, dig up, and spread","EEE-Project"
"10219","TIME","ShawnR","10:12:00","251.19","Hourly","01/28/2013","Water Feature","0.000","0.00","2562.14","No Charge","Norwell","Make something splash and flow","III-Project"
"10220","TIME","TomH","11:12:00","252.20","Hourly","01/28/2013","Pave","0.000","0.00","2824.64","Billable","Norwood","Create pretty pattern with stones","NORWO-Project01"
"10221","TIME","CoreyM","1:12:00","101.01","Hourly","01/28/2013","Build Structure","0.000","0.00","121.21","Billable","Oak Bluffs","Create something new","OAKBL-Project02"
"10222","TIME","JamesR","2:12:00","102.02","Hourly","01/28/2013","DemoS","0.000","0.00","224.44","Billable","Oakham","Rip down something old","OOO-Project"
"10223","TIME","SamS","3:12:00","103.03","Hourly","01/28/2013","Fix","0.000","0.00","329.70","Billable","Orange","Take something old and make it better","UUU-Project"
"10224","TIME","ShawnR","6:12:00","106.04","Hourly","01/28/2013","DesignS","0.000","0.00","657.45","Billable","Orleans","Noodle about a new structure",""
"10225","TIME","TomH","4:12:00","104.05","Hourly","01/29/2013","Bid","0.000","0.00","437.01","Override","Otis","Promise you can do something great","AAA-Project"
"10226","TIME","CoreyM","5:12:00","105.06","Hourly","01/29/2013","Clean","0.000","0.00","546.31","Do Not Bill","Oxford","Take away wreckage and trash and then sweep up","EEE-Project"
"10227","TIME","JamesR","7:12:00","107.07","Hourly","01/29/2013","DesignL","0.000","0.00","770.90","Billable","Palmer","Noodle about landscape","III-Project"
"10228","TIME","SamS","8:12:00","108.08","Hourly","01/29/2013","Planting","0.000","0.00","886.26","Billable","Paxton","Plant all kinds of stuff","OOO-Project"
"10229","TIME","ShawnR","9:12:00","109.09","Hourly","01/29/2013","Lot Maintenance","0.000","0.00","1003.63","Override","Peabody","Mow, trim, dig up, and spread","PEABO-Project01"
"10230","TIME","TomH","10:12:00","110.10","Hourly","01/29/2013","Water Feature","0.000","0.00","1123.02","No Charge","Pelham","Make something splash and flow","PELHA-Project02"
"10231","TIME","CoreyM","11:12:00","111.11","Hourly","01/29/2013","Pave","0.000","0.00","1244.43","Billable","Pembroke","Create pretty pattern with stones","UUU-Project"
"10232","TIME","JamesR","1:12:00","101.12","Hourly","01/29/2013","Build Structure","0.000","0.00","121.34","Billable","Pepperell","Create something new",""
"10233","TIME","SamS","2:12:00","102.13","Hourly","01/30/2013","DemoS","0.000","0.00","224.69","Billable","Peru","Rip down something old","AAA-Project"
"10234","TIME","ShawnR","3:12:00","103.14","Hourly","01/30/2013","Fix","0.000","0.00","330.05","Billable","Petersham","Take something old and make it better","EEE-Project"
"10235","TIME","TomH","6:12:00","106.15","Hourly","01/30/2013","DesignS","0.000","0.00","658.13","Billable","Phillipston","Noodle about a new structure","III-Project"
"10236","TIME","CoreyM","4:12:00","104.16","Hourly","01/30/2013","Bid","0.000","0.00","437.47","Override","Pittsfield","Promise you can do something great","OOO-Project"
"10237","TIME","JamesR","5:12:00","105.17","Hourly","01/30/2013","Clean","0.000","0.00","546.88","Do Not Bill","Plainfield","Take away wreckage and trash and then sweep up","PLAIN-Project01"
"10238","TIME","SamS","7:12:00","107.18","Hourly","01/30/2013","DesignL","0.000","0.00","771.70","Billable","Plainville","Noodle about landscape","PLAIN-Project02"
"10239","TIME","ShawnR","8:12:00","108.19","Hourly","01/30/2013","Planting","0.000","0.00","887.16","Billable","Plymouth","Plant all kinds of stuff","UUU-Project"
"10240","TIME","TomH","9:12:00","109.20","Hourly","01/30/2013","Lot Maintenance","0.000","0.00","1004.64","Override","Plympton","Mow, trim, dig up, and spread",""
"10241","TIME","CoreyM","10:12:00","102.01","Hourly","01/31/2013","Water Feature","0.000","0.00","1040.50","No Charge","Princeton","Make something splash and flow","AAA-Project"
"10242","TIME","JamesR","11:12:00","105.02","Hourly","01/31/2013","Pave","0.000","0.00","1176.22","Billable","Provincetown","Create pretty pattern with stones","EEE-Project"
"10243","TIME","SamS","1:12:00","103.03","Hourly","01/31/2013","Build Structure","0.000","0.00","123.64","Billable","Quincy","Create something new","III-Project"
"10244","TIME","ShawnR","2:12:00","104.04","Hourly","01/31/2013","DemoS","0.000","0.00","228.89","Billable","Randolph","Rip down something old","OOO-Project"
"10245","TIME","TomH","3:12:00","101.05","Hourly","01/31/2013","Fix","0.000","0.00","323.36","Billable","Raynham","Take something old and make it better","RAYNH-Project01"
"10246","TIME","CoreyM","6:12:00","102.06","Hourly","01/31/2013","DesignS","0.000","0.00","632.77","Billable","Reading","Noodle about a new structure","READI-Project02"
"10247","TIME","JamesR","4:12:00","105.07","Hourly","01/31/2013","Bid","0.000","0.00","441.29","Override","Rehoboth","Promise you can do something great","UUU-Project"
"10248","TIME","SamS","5:12:00","103.08","Hourly","01/31/2013","Clean","0.000","0.00","536.02","Do Not Bill","Revere","Take away wreckage and trash and then sweep up",""
"10249","TIME","ShawnR","7:12:00","104.09","Hourly","02/01/2013","DesignL","0.000","0.00","749.45","Billable","Richmond","Noodle about landscape","AAA-Project"
"10250","TIME","TomH","8:12:00","101.10","Hourly","02/01/2013","Planting","0.000","0.00","829.02","Billable","Rochester","Plant all kinds of stuff","EEE-Project"
"10251","TIME","CoreyM","9:12:00","102.11","Hourly","02/01/2013","Lot Maintenance","0.000","0.00","939.41","Override","Rockland","Mow, trim, dig up, and spread","III-Project"
"10252","TIME","JamesR","10:12:00","105.12","Hourly","02/01/2013","Water Feature","0.000","0.00","1072.22","No Charge","Rockport","Make something splash and flow","OOO-Project"
"10253","TIME","SamS","11:12:00","103.13","Hourly","02/01/2013","Pave","0.000","0.00","1155.06","Billable","Rowe","Create pretty pattern with stones","ROWE-Project01"
"10254","TIME","ShawnR","1:12:00","104.14","Hourly","02/01/2013","Build Structure","0.000","0.00","124.97","Billable","Rowley","Create something new","ROWLE-Project02"
"10255","TIME","TomH","2:12:00","101.15","Hourly","02/01/2013","DemoS","0.000","0.00","222.53","Billable","Royalston","Rip down something old","UUU-Project"
"10256","TIME","CoreyM","3:12:00","102.16","Hourly","02/01/2013","Fix","0.000","0.00","326.91","Billable","Russell","Take something old and make it better",""
"10257","TIME","JamesR","6:12:00","105.17","Hourly","02/02/2013","DesignS","0.000","0.00","652.05","Billable","Rutland","Noodle about a new structure","AAA-Project"
"10258","TIME","SamS","4:12:00","103.18","Hourly","02/02/2013","Bid","0.000","0.00","433.36","Override","Salem","Promise you can do something great","EEE-Project"
"10259","TIME","ShawnR","5:12:00","104.19","Hourly","02/02/2013","Clean","0.000","0.00","541.79","Do Not Bill","Salisbury","Take away wreckage and trash and then sweep up","III-Project"
"10260","TIME","TomH","7:12:00","101.20","Hourly","02/02/2013","DesignL","0.000","0.00","728.64","Billable","Sandisfield","Noodle about landscape","OOO-Project"
"10261","TIME","CoreyM","8:12:00","313.01","Hourly","02/02/2013","Planting","0.000","0.00","2566.68","Billable","Sandwich","Plant all kinds of stuff","SANDW-Project01"
"10262","TIME","JamesR","9:12:00","211.02","Hourly","02/02/2013","Lot Maintenance","0.000","0.00","1941.38","Override","Saugus","Mow, trim, dig up, and spread","SAUGU-Project02"
"10263","TIME","SamS","10:12:00","72.03","Hourly","02/02/2013","Water Feature","0.000","0.00","734.71","No Charge","Savoy","Make something splash and flow","UUU-Project"
"10264","TIME","ShawnR","11:12:00","253.04","Hourly","02/02/2013","Pave","0.000","0.00","2834.05","Billable","Scituate","Create pretty pattern with stones",""
"10265","TIME","TomH","1:12:00","347.05","Hourly","02/03/2013","Build Structure","0.000","0.00","416.46","Billable","Seekonk","Create something new","AAA-Project"
"10266","TIME","CoreyM","2:12:00","254.06","Hourly","02/03/2013","DemoS","0.000","0.00","558.93","Billable","Sharon","Rip down something old","EEE-Project"
"10267","TIME","JamesR","3:12:00","73.07","Hourly","02/03/2013","Fix","0.000","0.00","233.82","Billable","Sheffield","Take something old and make it better","III-Project"
"10268","TIME","SamS","6:12:00","104.08","Hourly","02/03/2013","DesignS","0.000","0.00","645.30","Billable","Shelburne","Noodle about a new structure","OOO-Project"
"10269","TIME","ShawnR","4:12:00","181.09","Hourly","02/03/2013","Bid","0.000","0.00","760.58","Override","Sherborn","Promise you can do something great","SHERB-Project01"
"10270","TIME","TomH","5:12:00","121.10","Hourly","02/03/2013","Clean","0.000","0.00","629.72","Do Not Bill","Shirley","Take away wreckage and trash and then sweep up","SHIRL-Project02"
"10271","TIME","CoreyM","7:12:00","148.11","Hourly","02/03/2013","DesignL","0.000","0.00","1066.39","Billable","Shrewsbury","Noodle about landscape","UUU-Project"
"10272","TIME","JamesR","8:12:00","32.12","Hourly","02/03/2013","Planting","0.000","0.00","263.38","Billable","Shutesbury","Plant all kinds of stuff",""
"10273","TIME","SamS","9:12:00","336.13","Hourly","02/04/2013","Lot Maintenance","0.000","0.00","3092.40","Override","Somerset","Mow, trim, dig up, and spread","AAA-Project"
"10274","TIME","ShawnR","10:12:00","261.14","Hourly","02/04/2013","Water Feature","0.000","0.00","2663.63","No Charge","Somerville","Make something splash and flow","EEE-Project"
"10275","TIME","TomH","11:12:00","34.15","Hourly","02/04/2013","Pave","0.000","0.00","382.48","Billable","South.Hadley","Create pretty pattern with stones","III-Project"
"10276","TIME","CoreyM","1:12:00","33.16","Hourly","02/04/2013","Build Structure","0.000","0.00","39.79","Billable","Southampton","Create something new","OOO-Project"
"10277","TIME","JamesR","2:12:00","182.17","Hourly","02/04/2013","DemoS","0.000","0.00","400.77","Billable","Southborough","Rip down something old","SOUTH-Project01"
"10278","TIME","SamS","3:12:00","149.18","Hourly","02/04/2013","Fix","0.000","0.00","477.38","Billable","Southbridge","Take something old and make it better","SOUTH-Project02"
"10279","TIME","ShawnR","6:12:00","35.19","Hourly","02/04/2013","DesignS","0.000","0.00","218.18","Billable","Southwick","Noodle about a new structure","UUU-Project"
"10280","TIME","TomH","4:12:00","150.20","Hourly","02/04/2013","Bid","0.000","0.00","630.84","Override","Spencer","Promise you can do something great",""
"10281","TIME","CoreyM","5:12:00","105.01","Hourly","02/05/2013","Clean","0.000","0.00","546.05","Do Not Bill","Springfield","Take away wreckage and trash and then sweep up","AAA-Project"
"10282","TIME","JamesR","7:12:00","107.02","Hourly","02/05/2013","DesignL","0.000","0.00","770.54","Billable","Sterling","Noodle about landscape","EEE-Project"
"10283","TIME","SamS","8:12:00","108.03","Hourly","02/05/2013","Planting","0.000","0.00","885.85","Billable","Stockbridge","Plant all kinds of stuff","III-Project"
"10284","TIME","ShawnR","9:12:00","109.04","Hourly","02/05/2013","Lot Maintenance","0.000","0.00","1003.17","Override","Stoneham","Mow, trim, dig up, and spread","OOO-Project"
"10285","TIME","TomH","10:12:00","110.05","Hourly","02/05/2013","Water Feature","0.000","0.00","1122.51","No Charge","Stoughton","Make something splash and flow","STOUG-Project01"
"10286","TIME","CoreyM","11:12:00","111.06","Hourly","02/05/2013","Pave","0.000","0.00","1243.87","Billable","Stow","Create pretty pattern with stones","STOW-Project02"
"10287","TIME","JamesR","1:12:00","101.07","Hourly","02/05/2013","Build Structure","0.000","0.00","121.28","Billable","Sturbridge","Create something new","UUU-Project"
"10288","TIME","SamS","2:12:00","102.08","Hourly","02/05/2013","DemoS","0.000","0.00","224.58","Billable","Sudbury","Rip down something old",""
"10289","TIME","ShawnR","3:12:00","103.09","Hourly","02/06/2013","Fix","0.000","0.00","329.89","Billable","Sunderland","Take something old and make it better","AAA-Project"
"10290","TIME","TomH","6:12:00","106.10","Hourly","02/06/2013","DesignS","0.000","0.00","657.82","Billable","Sutton","Noodle about a new structure","EEE-Project"
"10291","TIME","CoreyM","4:12:00","104.11","Hourly","02/06/2013","Bid","0.000","0.00","437.26","Override","Swampscott","Promise you can do something great","III-Project"
"10292","TIME","JamesR","5:12:00","105.12","Hourly","02/06/2013","Clean","0.000","0.00","546.62","Do Not Bill","Swansea","Take away wreckage and trash and then sweep up","OOO-Project"
"10293","TIME","SamS","7:12:00","107.13","Hourly","02/06/2013","DesignL","0.000","0.00","771.34","Billable","Taunton","Noodle about landscape","TAUNT-Project01"
"10294","TIME","ShawnR","8:12:00","108.14","Hourly","02/06/2013","Planting","0.000","0.00","886.75","Billable","Templeton","Plant all kinds of stuff","TEMPL-Project02"
"10295","TIME","TomH","9:12:00","109.15","Hourly","02/06/2013","Lot Maintenance","0.000","0.00","1004.18","Override","Tewksbury","Mow, trim, dig up, and spread","UUU-Project"
"10296","TIME","CoreyM","10:12:00","110.16","Hourly","02/06/2013","Water Feature","0.000","0.00","1123.63","No Charge","Tisbury","Make something splash and flow",""
"10297","TIME","JamesR","11:12:00","111.17","Hourly","02/07/2013","Pave","0.000","0.00","1245.10","Billable","Tolland","Create pretty pattern with stones","AAA-Project"
"10298","TIME","SamS","1:12:00","101.18","Hourly","02/07/2013","Build Structure","0.000","0.00","121.42","Billable","Topsfield","Create something new","EEE-Project"
"10299","TIME","ShawnR","2:12:00","102.19","Hourly","02/07/2013","DemoS","0.000","0.00","224.82","Billable","Townsend","Rip down something old","III-Project"
"10300","TIME","TomH","3:12:00","103.20","Hourly","02/07/2013","Fix","0.000","0.00","330.24","Billable","Truro","Take something old and make it better","OOO-Project"
"10301","TIME","CoreyM","6:12:00","102.01","Hourly","02/07/2013","DesignS","0.000","0.00","632.46","Billable","Tyngsborough","Noodle about a new structure","TYNGS-Project01"
"10302","TIME","JamesR","4:12:00","105.02","Hourly","02/07/2013","Bid","0.000","0.00","441.08","Override","Tyringham","Promise you can do something great","TYRIN-Project02"
"10303","TIME","SamS","5:12:00","103.03","Hourly","02/07/2013","Clean","0.000","0.00","535.76","Do Not Bill","Upton","Take away wreckage and trash and then sweep up","UUU-Project"
"10304","TIME","ShawnR","7:12:00","104.04","Hourly","02/07/2013","DesignL","0.000","0.00","749.09","Billable","Uxbridge","Noodle about landscape",""
"10305","TIME","TomH","8:12:00","101.05","Hourly","02/08/2013","Planting","0.000","0.00","828.61","Billable","Wakefield","Plant all kinds of stuff","AAA-Project"
"10306","TIME","CoreyM","9:12:00","102.06","Hourly","02/08/2013","Lot Maintenance","0.000","0.00","938.95","Override","Wales","Mow, trim, dig up, and spread","EEE-Project"
"10307","TIME","JamesR","10:12:00","105.07","Hourly","02/08/2013","Water Feature","0.000","0.00","1071.71","No Charge","Walpole","Make something splash and flow","III-Project"
"10308","TIME","SamS","11:12:00","103.08","Hourly","02/08/2013","Pave","0.000","0.00","1154.50","Billable","Waltham","Create pretty pattern with stones","OOO-Project"
"10309","TIME","ShawnR","1:12:00","104.09","Hourly","02/08/2013","Build Structure","0.000","0.00","124.91","Billable","Ware","Create something new","UUU-Project"
"10310","TIME","TomH","2:12:00","101.10","Hourly","02/08/2013","DemoS","0.000","0.00","222.42","Billable","Wareham","Rip down something old","WAREH-Project01"
"10311","TIME","CoreyM","3:12:00","102.11","Hourly","02/08/2013","Fix","0.000","0.00","326.75","Billable","Warren","Take something old and make it better","WARRE-Project02"
"10312","TIME","JamesR","6:12:00","105.12","Hourly","02/08/2013","DesignS","0.000","0.00","651.74","Billable","Warwick","Noodle about a new structure",""
"10313","TIME","SamS","4:12:00","103.13","Hourly","02/09/2013","Bid","0.000","0.00","433.15","Override","Washington","Promise you can do something great","AAA-Project"
"10314","TIME","ShawnR","5:12:00","104.14","Hourly","02/09/2013","Clean","0.000","0.00","541.53","Do Not Bill","Watertown","Take away wreckage and trash and then sweep up","EEE-Project"
"10315","TIME","TomH","7:12:00","101.15","Hourly","02/09/2013","DesignL","0.000","0.00","728.28","Billable","Wayland","Noodle about landscape","III-Project"
"10316","TIME","CoreyM","8:12:00","102.16","Hourly","02/09/2013","Planting","0.000","0.00","837.71","Billable","Webster","Plant all kinds of stuff","OOO-Project"
"10317","TIME","JamesR","9:12:00","105.17","Hourly","02/09/2013","Lot Maintenance","0.000","0.00","967.56","Override","Wellesley","Mow, trim, dig up, and spread","UUU-Project"
"10318","TIME","SamS","10:12:00","103.18","Hourly","02/09/2013","Water Feature","0.000","0.00","1052.44","No Charge","Wellfleet","Make something splash and flow","WELLF-Project01"
"10319","TIME","ShawnR","11:12:00","104.19","Hourly","02/09/2013","Pave","0.000","0.00","1166.93","Billable","Wendell","Create pretty pattern with stones","WENDE-Project02"
"10320","TIME","TomH","1:12:00","101.20","Hourly","02/09/2013","Build Structure","0.000","0.00","121.44","Billable","Wenham","Create something new",""
"10321","TIME","CoreyM","2:12:00","158.01","Hourly","02/10/2013","DemoS","0.000","0.00","347.62","Billable","West.Boylston","Rip down something old","AAA-Project"
"10322","TIME","JamesR","3:12:00","294.02","Hourly","02/10/2013","Fix","0.000","0.00","940.86","Billable","West.Bridgewater","Take something old and make it better","EEE-Project"
"10323","TIME","SamS","6:12:00","159.03","Hourly","02/10/2013","DesignS","0.000","0.00","985.99","Billable","West.Brookfield","Noodle about a new structure","III-Project"
"10324","TIME","ShawnR","4:12:00","235.04","Hourly","02/10/2013","Bid","0.000","0.00","987.17","Override","West.Newbury","Promise you can do something great","OOO-Project"
"10325","TIME","TomH","5:12:00","41.05","Hourly","02/10/2013","Clean","0.000","0.00","213.46","Do Not Bill","West.Springfield","Take away wreckage and trash and then sweep up","UUU-Project"
"10326","TIME","CoreyM","7:12:00","78.06","Hourly","02/10/2013","DesignL","0.000","0.00","562.03","Billable","West.Stockbridge","Noodle about landscape","WESTS-Project01"
"10327","TIME","JamesR","8:12:00","316.07","Hourly","02/10/2013","Planting","0.000","0.00","2591.77","Billable","West.Tisbury","Plant all kinds of stuff","WESTT-Project02"
"10328","TIME","SamS","9:12:00","157.08","Hourly","02/10/2013","Lot Maintenance","0.000","0.00","1445.14","Override","Westborough","Mow, trim, dig up, and spread",""
"10329","TIME","ShawnR","10:12:00","39.09","Hourly","02/11/2013","Water Feature","0.000","0.00","398.72","No Charge","Westfield","Make something splash and flow","AAA-Project"
"10330","TIME","TomH","11:12:00","207.10","Hourly","02/11/2013","Pave","0.000","0.00","2319.52","Billable","Westford","Create pretty pattern with stones","EEE-Project"
"10331","TIME","CoreyM","1:12:00","13.11","Hourly","02/11/2013","Build Structure","0.000","0.00","15.73","Billable","Westhampton","Create something new","III-Project"
"10332","TIME","JamesR","2:12:00","113.12","Hourly","02/11/2013","DemoS","0.000","0.00","248.86","Billable","Westminster","Rip down something old","OOO-Project"
"10333","TIME","SamS","3:12:00","305.13","Hourly","02/11/2013","Fix","0.000","0.00","976.42","Billable","Weston","Take something old and make it better","UUU-Project"
"10334","TIME","ShawnR","6:12:00","351.14","Hourly","02/11/2013","DesignS","0.000","0.00","2177.07","Billable","Westport","Noodle about a new structure","WESTP-Project01"
"10335","TIME","TomH","4:12:00","257.15","Hourly","02/11/2013","Bid","0.000","0.00","1080.03","Override","Westwood","Promise you can do something great","WESTW-Project02"
"10336","TIME","CoreyM","5:12:00","273.16","Hourly","02/11/2013","Clean","0.000","0.00","1420.43","Do Not Bill","Weymouth","Take away wreckage and trash and then sweep up",""
"10337","TIME","JamesR","7:12:00","42.17","Hourly","02/12/2013","DesignL","0.000","0.00","303.62","Billable","Whately","Noodle about landscape","AAA-Project"
"10338","TIME","SamS","8:12:00","295.18","Hourly","02/12/2013","Planting","0.000","0.00","2420.48","Billable","Whitman","Plant all kinds of stuff","EEE-Project"
"10339","TIME","ShawnR","9:12:00","43.19","Hourly","02/12/2013","Lot Maintenance","0.000","0.00","397.35","Override","Wilbraham","Mow, trim, dig up, and spread","III-Project"
"10340","TIME","TomH","10:12:00","44.20","Hourly","02/12/2013","Water Feature","0.000","0.00","450.84","No Charge","Williamsburg","Make something splash and flow","OOO-Project"
"10341","TIME","CoreyM","11:12:00","111.01","Hourly","02/12/2013","Pave","0.000","0.00","1243.31","Billable","Williamstown","Create pretty pattern with stones","UUU-Project"
"10342","TIME","JamesR","1:12:00","101.02","Hourly","02/12/2013","Build Structure","0.000","0.00","121.22","Billable","Wilmington","Create something new","WILMI-Project01"
"10343","TIME","SamS","2:12:00","102.03","Hourly","02/12/2013","DemoS","0.000","0.00","224.47","Billable","Winchendon","Rip down something old","WINCH-Project02"
"10344","TIME","ShawnR","3:12:00","103.04","Hourly","02/12/2013","Fix","0.000","0.00","329.73","Billable","Winchester","Take something old and make it better",""
"10345","TIME","TomH","6:12:00","106.05","Hourly","02/13/2013","DesignS","0.000","0.00","657.51","Billable","Windsor","Noodle about a new structure","AAA-Project"
"10346","TIME","CoreyM","4:12:00","104.06","Hourly","02/13/2013","Bid","0.000","0.00","437.05","Override","Winthrop","Promise you can do something great","EEE-Project"
"10347","TIME","JamesR","5:12:00","105.07","Hourly","02/13/2013","Clean","0.000","0.00","546.36","Do Not Bill","Woburn","Take away wreckage and trash and then sweep up","III-Project"
"10348","TIME","SamS","7:12:00","107.08","Hourly","02/13/2013","DesignL","0.000","0.00","770.98","Billable","Worcester","Noodle about landscape","OOO-Project"
"10349","TIME","ShawnR","8:12:00","108.09","Hourly","02/13/2013","Planting","0.000","0.00","886.34","Billable","Worthington","Plant all kinds of stuff","UUU-Project"
"10350","TIME","TomH","9:12:00","109.10","Hourly","02/13/2013","Lot Maintenance","0.000","0.00","1003.72","Override","Wrentham","Mow, trim, dig up, and spread","WRENT-Project01"
"10351","TIME","CoreyM","10:12:00","110.11","Hourly","02/13/2013","Water Feature","0.000","0.00","1123.12","No Charge","Yarmouth","Make something splash and flow","YARMO-Project02"
"10352","TIME","JamesR","11:12:00","105.01","Hourly","02/13/2013","Pave","0.000","0.00","1176.11","Billable","Abington","Create pretty pattern with stones",""
"10353","TIME","SamS","1:12:00","103.02","Hourly","02/14/2013","Build Structure","0.000","0.00","123.62","Billable","Acton","Create something new","AAA-Project"
"10354","TIME","ShawnR","2:12:00","104.03","Hourly","02/14/2013","DemoS","0.000","0.00","228.87","Billable","Acushnet","Rip down something old","ACUSH-Project01"
"10355","TIME","TomH","3:12:00","101.04","Hourly","02/14/2013","Fix","0.000","0.00","323.33","Billable","Adams","Take something old and make it better","ADAMS-Project02"
"10356","TIME","CoreyM","6:12:00","102.05","Hourly","02/14/2013","DesignS","0.000","0.00","632.71","Billable","Agawam","Noodle about a new structure","EEE-Project"
"10357","TIME","JamesR","4:12:00","105.06","Hourly","02/14/2013","Bid","0.000","0.00","441.25","Override","Alford","Promise you can do something great","III-Project"
"10358","TIME","SamS","5:12:00","103.07","Hourly","02/14/2013","Clean","0.000","0.00","535.96","Do Not Bill","Amesbury","Take away wreckage and trash and then sweep up","OOO-Project"
"10359","TIME","ShawnR","7:12:00","104.08","Hourly","02/14/2013","DesignL","0.000","0.00","749.38","Billable","Amherst","Noodle about landscape","UUU-Project"
"10360","TIME","TomH","8:12:00","101.09","Hourly","02/14/2013","Planting","0.000","0.00","828.94","Billable","Andover","Plant all kinds of stuff",""
"10361","TIME","CoreyM","9:12:00","102.10","Hourly","02/15/2013","Lot Maintenance","0.000","0.00","939.32","Override","Aquinnah","Mow, trim, dig up, and spread","AAA-Project"
"10362","TIME","JamesR","10:12:00","105.11","Hourly","02/15/2013","Water Feature","0.000","0.00","1072.12","No Charge","Arlington","Make something splash and flow","ARLIN-Project01"
"10363","TIME","SamS","11:12:00","103.12","Hourly","02/15/2013","Pave","0.000","0.00","1154.94","Billable","Ashburnham","Create pretty pattern with stones","ASHBU-Project02"
"10364","TIME","ShawnR","1:12:00","104.13","Hourly","02/15/2013","Build Structure","0.000","0.00","124.96","Billable","Ashby","Create something new","EEE-Project"
"10365","TIME","TomH","2:12:00","101.14","Hourly","02/15/2013","DemoS","0.000","0.00","222.51","Billable","Ashfield","Rip down something old","III-Project"
"10366","TIME","CoreyM","3:12:00","102.15","Hourly","02/15/2013","Fix","0.000","0.00","326.88","Billable","Ashland","Take something old and make it better","OOO-Project"
"10367","TIME","JamesR","6:12:00","105.16","Hourly","02/15/2013","DesignS","0.000","0.00","651.99","Billable","Athol","Noodle about a new structure","UUU-Project"
"10368","TIME","SamS","4:12:00","103.17","Hourly","02/15/2013","Bid","0.000","0.00","433.31","Override","Attleboro","Promise you can do something great",""
"10369","TIME","ShawnR","5:12:00","104.18","Hourly","02/16/2013","Clean","0.000","0.00","541.74","Do Not Bill","Auburn","Take away wreckage and trash and then sweep up","AAA-Project"
"10370","TIME","TomH","7:12:00","101.19","Hourly","02/16/2013","DesignL","0.000","0.00","728.57","Billable","Avon","Noodle about landscape","AVON-Project01"
"10371","TIME","CoreyM","8:12:00","102.20","Hourly","02/16/2013","Planting","0.000","0.00","838.04","Billable","Ayer","Plant all kinds of stuff","AYER-Project02"
"10372","TIME","JamesR","9:12:00","317.01","Hourly","02/16/2013","Lot Maintenance","0.000","0.00","2916.49","Override","Barnstable","Mow, trim, dig up, and spread","EEE-Project"
"10373","TIME","SamS","10:12:00","4.02","Hourly","02/16/2013","Water Feature","0.000","0.00","41.00","No Charge","Barre","Make something splash and flow","III-Project"
"10374","TIME","ShawnR","11:12:00","50.03","Hourly","02/16/2013","Pave","0.000","0.00","560.34","Billable","Becket","Create pretty pattern with stones","OOO-Project"
"10375","TIME","TomH","1:12:00","168.04","Hourly","02/16/2013","Build Structure","0.000","0.00","201.65","Billable","Bedford","Create something new","UUU-Project"
"10376","TIME","CoreyM","2:12:00","5.05","Hourly","02/16/2013","DemoS","0.000","0.00","11.11","Billable","Belchertown","Rip down something old",""
"10377","TIME","JamesR","3:12:00","236.06","Hourly","02/17/2013","Fix","0.000","0.00","755.39","Billable","Bellingham","Take something old and make it better","AAA-Project"
"10378","TIME","SamS","6:12:00","302.07","Hourly","02/17/2013","DesignS","0.000","0.00","1872.83","Billable","Belmont","Noodle about a new structure","BELMO-Project01"
"10379","TIME","ShawnR","4:12:00","349.08","Hourly","02/17/2013","Bid","0.000","0.00","1466.14","Override","Berkley","Promise you can do something great","BERKL-Project02"
"10380","TIME","TomH","5:12:00","126.09","Hourly","02/17/2013","Clean","0.000","0.00","655.67","Do Not Bill","Berlin","Take away wreckage and trash and then sweep up","EEE-Project"
"10381","TIME","CoreyM","7:12:00","85.10","Hourly","02/17/2013","DesignL","0.000","0.00","612.72","Billable","Bernardston","Noodle about landscape","III-Project"
"10382","TIME","JamesR","5:19:48","215.11","Hourly","02/17/2013","Planting","0.000","0.00","1146.54","Billable","Beverly","Plant all kinds of stuff","OOO-Project"
"10383","TIME","SamS","9:12:00","190.12","Hourly","02/17/2013","Lot Maintenance","0.000","0.00","1749.10","Override","Billerica","Mow, trim, dig up, and spread","UUU-Project"
"10384","TIME","ShawnR","10:12:00","127.13","Hourly","02/17/2013","Water Feature","0.000","0.00","1296.73","No Charge","Blackstone","Make something splash and flow",""
"10385","TIME","TomH","11:12:00","6.14","Hourly","02/18/2013","Pave","0.000","0.00","68.77","Billable","Blandford","Create pretty pattern with stones","AAA-Project"
"10386","TIME","CoreyM","1:12:00","169.15","Hourly","02/18/2013","Build Structure","0.000","0.00","202.98","Billable","Bolton","Create something new","BOLTO-Project01"
"10387","TIME","JamesR","2:12:00","259.16","Hourly","02/18/2013","DemoS","0.000","0.00","570.15","Billable","Boston","Rip down something old","BOSTO-Project02"
"10388","TIME","SamS","3:12:00","306.17","Hourly","02/18/2013","Fix","0.000","0.00","979.74","Billable","Bourne","Take something old and make it better","EEE-Project"
"10389","TIME","ShawnR","6:12:00","165.18","Hourly","02/18/2013","DesignS","0.000","0.00","1024.12","Billable","Boxborough","Noodle about a new structure","III-Project"
"10390","TIME","TomH","4:12:00","216.19","Hourly","02/18/2013","Bid","0.000","0.00","908.00","Override","Boxford","Promise you can do something great","OOO-Project"
"10391","TIME","CoreyM","5:12:00","128.20","Hourly","02/18/2013","Clean","0.000","0.00","666.64","Do Not Bill","Boylston","Take away wreckage and trash and then sweep up","UUU-Project"
"10392","TIME","JamesR","7:12:00","107.01","Hourly","02/18/2013","DesignL","0.000","0.00","770.47","Billable","Braintree","Noodle about landscape",""
"10393","TIME","SamS","8:12:00","108.02","Hourly","02/19/2013","Planting","0.000","0.00","885.76","Billable","Brewster","Plant all kinds of stuff","AAA-Project"
"10394","TIME","ShawnR","9:12:00","109.03","Hourly","02/19/2013","Lot Maintenance","0.000","0.00","1003.08","Override","Bridgewater","Mow, trim, dig up, and spread","BRIDG-Project01"
"10395","TIME","TomH","10:12:00","110.04","Hourly","02/19/2013","Water Feature","0.000","0.00","1122.41","No Charge","Brimfield","Make something splash and flow","BRIMF-Project02"
"10396","TIME","CoreyM","11:12:00","111.05","Hourly","02/19/2013","Pave","0.000","0.00","1243.76","Billable","Brockton","Create pretty pattern with stones","EEE-Project"
"10397","TIME","JamesR","1:12:00","101.06","Hourly","02/19/2013","Build Structure","0.000","0.00","121.27","Billable","Brookfield","Create something new","III-Project"
"10398","TIME","SamS","2:12:00","102.07","Hourly","02/19/2013","DemoS","0.000","0.00","224.55","Billable","Brookline","Rip down something old","OOO-Project"
"10399","TIME","ShawnR","3:12:00","103.08","Hourly","02/19/2013","Fix","0.000","0.00","329.86","Billable","Buckland","Take something old and make it better","UUU-Project"
"10400","TIME","TomH","6:12:00","106.09","Hourly","02/19/2013","DesignS","0.000","0.00","657.76","Billable","Burlington","Noodle about a new structure",""
"10401","TIME","CoreyM","4:12:00","104.10","Hourly","02/20/2013","Bid","0.000","0.00","437.22","Override","Cambridge","Promise you can do something great","AAA-Project"
"10402","TIME","JamesR","5:12:00","105.11","Hourly","02/20/2013","Clean","0.000","0.00","546.57","Do Not Bill","Canton","Take away wreckage and trash and then sweep up","CANTO-Project01"
"10403","TIME","SamS","7:12:00","107.12","Hourly","02/20/2013","DesignL","0.000","0.00","771.26","Billable","Carlisle","Noodle about landscape","CARLI-Project02"
"10404","TIME","ShawnR","8:12:00","108.13","Hourly","02/20/2013","Planting","0.000","0.00","886.67","Billable","Carver","Plant all kinds of stuff","EEE-Project"
"10405","TIME","TomH","9:12:00","109.14","Hourly","02/20/2013","Lot Maintenance","0.000","0.00","1004.09","Override","Charlemont","Mow, trim, dig up, and spread","III-Project"
"10406","TIME","CoreyM","10:12:00","110.15","Hourly","02/20/2013","Water Feature","0.000","0.00","1123.53","No Charge","Charlton","Make something splash and flow","OOO-Project"
"10407","TIME","JamesR","11:12:00","111.16","Hourly","02/20/2013","Pave","0.000","0.00","1244.99","Billable","Chatham","Create pretty pattern with stones","UUU-Project"
"10408","TIME","SamS","1:12:00","101.17","Hourly","02/20/2013","Build Structure","0.000","0.00","121.40","Billable","Chelmsford","Create something new",""
"10409","TIME","ShawnR","2:12:00","102.18","Hourly","02/21/2013","DemoS","0.000","0.00","224.80","Billable","Chelsea","Rip down something old","AAA-Project"
"10410","TIME","TomH","3:12:00","103.19","Hourly","02/21/2013","Fix","0.000","0.00","330.21","Billable","Cheshire","Take something old and make it better","CHESH-Project01"
"10411","TIME","CoreyM","6:12:00","106.20","Hourly","02/21/2013","DesignS","0.000","0.00","658.44","Billable","Chester","Noodle about a new structure","CHEST-Project02"
"10412","TIME","JamesR","4:12:00","105.01","Hourly","02/21/2013","Bid","0.000","0.00","441.04","Override","Chesterfield","Promise you can do something great","EEE-Project"
"10413","TIME","SamS","5:12:00","103.02","Hourly","02/21/2013","Clean","0.000","0.00","535.70","Do Not Bill","Chicopee","Take away wreckage and trash and then sweep up","III-Project"
"10414","TIME","ShawnR","7:12:00","104.03","Hourly","02/21/2013","DesignL","0.000","0.00","749.02","Billable","Chilmark","Noodle about landscape","OOO-Project"
"10415","TIME","TomH","8:12:00","101.04","Hourly","02/21/2013","Planting","0.000","0.00","828.53","Billable","Clarksburg","Plant all kinds of stuff","UUU-Project"
"10416","TIME","CoreyM","9:12:00","102.05","Hourly","02/21/2013","Lot Maintenance","0.000","0.00","938.86","Override","Clinton","Mow, trim, dig up, and spread",""
"10417","TIME","JamesR","10:12:00","105.06","Hourly","02/22/2013","Water Feature","0.000","0.00","1071.61","No Charge","Cohasset","Make something splash and flow","AAA-Project"
"10418","TIME","SamS","11:12:00","103.07","Hourly","02/22/2013","Pave","0.000","0.00","1154.38","Billable","Colrain","Create pretty pattern with stones","COLRA-Project01"
"10419","TIME","ShawnR","1:12:00","104.08","Hourly","02/22/2013","Build Structure","0.000","0.00","124.90","Billable","Concord","Create something new","CONCO-Project02"
"10420","TIME","TomH","2:12:00","101.09","Hourly","02/22/2013","DemoS","0.000","0.00","222.40","Billable","Conway","Rip down something old","EEE-Project"
"10421","TIME","CoreyM","3:12:00","102.10","Hourly","02/22/2013","Fix","0.000","0.00","326.72","Billable","Cummington","Take something old and make it better","III-Project"
"10422","TIME","JamesR","6:12:00","105.11","Hourly","02/22/2013","DesignS","0.000","0.00","651.68","Billable","Dalton","Noodle about a new structure","OOO-Project"
"10423","TIME","SamS","4:12:00","103.12","Hourly","02/22/2013","Bid","0.000","0.00","433.10","Override","Danvers","Promise you can do something great","UUU-Project"
"10424","TIME","ShawnR","5:12:00","104.13","Hourly","02/22/2013","Clean","0.000","0.00","541.48","Do Not Bill","Dartmouth","Take away wreckage and trash and then sweep up",""
"10425","TIME","TomH","7:12:00","101.14","Hourly","02/23/2013","DesignL","0.000","0.00","728.21","Billable","Dedham","Noodle about landscape","AAA-Project"
"10426","TIME","CoreyM","8:12:00","102.15","Hourly","02/23/2013","Planting","0.000","0.00","837.63","Billable","Deerfield","Plant all kinds of stuff","DEERF-Project01"
"10427","TIME","JamesR","9:12:00","105.16","Hourly","02/23/2013","Lot Maintenance","0.000","0.00","967.47","Override","Dennis","Mow, trim, dig up, and spread","DENNI-Project02"
"10428","TIME","SamS","10:12:00","103.17","Hourly","02/23/2013","Water Feature","0.000","0.00","1052.33","No Charge","Dighton","Make something splash and flow","EEE-Project"
"10429","TIME","ShawnR","11:12:00","104.18","Hourly","02/23/2013","Pave","0.000","0.00","1166.82","Billable","Douglas","Create pretty pattern with stones","III-Project"
"10430","TIME","TomH","1:12:00","101.19","Hourly","02/23/2013","Build Structure","0.000","0.00","121.43","Billable","Dover","Create something new","OOO-Project"
"10431","TIME","CoreyM","2:12:00","102.20","Hourly","02/23/2013","DemoS","0.000","0.00","224.84","Billable","Dracut","Rip down something old","UUU-Project"
"10432","TIME","JamesR","3:12:00","156.01","Hourly","02/23/2013","Fix","0.000","0.00","499.23","Billable","Dudley","Take something old and make it better",""
"10433","TIME","SamS","6:12:00","193.02","Hourly","02/24/2013","DesignS","0.000","0.00","1196.72","Billable","Dunstable","Noodle about a new structure","AAA-Project"
"10434","TIME","ShawnR","4:12:00","278.03","Hourly","02/24/2013","Bid","0.000","0.00","1167.73","Override","Duxbury","Promise you can do something great","DUXBU-Project01"
"10435","TIME","TomH","5:12:00","279.04","Hourly","02/24/2013","Clean","0.000","0.00","1451.01","Do Not Bill","East.Bridgewater","Take away wreckage and trash and then sweep up","EASTB-Project02"
"10436","TIME","CoreyM","7:12:00","132.05","Hourly","02/24/2013","DesignL","0.000","0.00","950.76","Billable","East.Brookfield","Noodle about landscape","EEE-Project"
"10437","TIME","JamesR","8:12:00","14.06","Hourly","02/24/2013","Planting","0.000","0.00","115.29","Billable","East.Longmeadow","Plant all kinds of stuff","III-Project"
"10438","TIME","SamS","9:12:00","321.07","Hourly","02/24/2013","Lot Maintenance","0.000","0.00","2953.84","Override","Eastham","Mow, trim, dig up, and spread","OOO-Project"
"10439","TIME","ShawnR","10:12:00","12.08","Hourly","02/24/2013","Water Feature","0.000","0.00","123.22","No Charge","Easthampton","Make something splash and flow","UUU-Project"
"10440","TIME","TomH","11:12:00","280.09","Hourly","02/24/2013","Pave","0.000","0.00","3137.01","Billable","Easton","Create pretty pattern with stones",""
"10441","TIME","CoreyM","1:12:00","309.10","Hourly","02/25/2013","Build Structure","0.000","0.00","370.92","Billable","Edgartown","Create something new","AAA-Project"
"10442","TIME","JamesR","2:12:00","75.11","Hourly","02/25/2013","DemoS","0.000","0.00","165.24","Billable","Egremont","Rip down something old","EEE-Project"
"10443","TIME","SamS","3:12:00","93.12","Hourly","02/25/2013","Fix","0.000","0.00","297.98","Billable","Erving","Take something old and make it better","ERVIN-Project01"
"10444","TIME","ShawnR","6:12:00","218.13","Hourly","02/25/2013","DesignS","0.000","0.00","1352.41","Billable","Essex","Noodle about a new structure","ESSEX-Project02"
"10445","TIME","TomH","4:12:00","263.14","Hourly","02/25/2013","Bid","0.000","0.00","1105.19","Override","Everett","Promise you can do something great","III-Project"
"10446","TIME","CoreyM","5:12:00","334.15","Hourly","02/25/2013","Clean","0.000","0.00","1737.58","Do Not Bill","Fairhaven","Take away wreckage and trash and then sweep up","OOO-Project"
"10447","TIME","JamesR","7:12:00","335.16","Hourly","02/25/2013","DesignL","0.000","0.00","2413.15","Billable","Fall River","Noodle about landscape","UUU-Project"
"10448","TIME","SamS","8:12:00","310.17","Hourly","02/25/2013","Planting","0.000","0.00","2543.39","Billable","Falmouth","Plant all kinds of stuff",""
"10449","TIME","ShawnR","9:12:00","108.18","Hourly","02/26/2013","Lot Maintenance","0.000","0.00","995.26","Override","Fitchburg","Mow, trim, dig up, and spread","AAA-Project"
"10450","TIME","TomH","10:12:00","68.19","Hourly","02/26/2013","Water Feature","0.000","0.00","695.54","No Charge","Florida","Make something splash and flow","EEE-Project"
"10451","TIME","CoreyM","11:12:00","241.20","Hourly","02/26/2013","Pave","0.000","0.00","2701.44","Billable","Foxborough","Create pretty pattern with stones","FOXBO-Project01"
"10452","TIME","JamesR","1:12:00","101.01","Hourly","02/26/2013","Build Structure","0.000","0.00","121.21","Billable","Framingham","Create something new","FRAMI-Project02"
"10453","TIME","SamS","2:12:00","102.02","Hourly","02/26/2013","DemoS","0.000","0.00","224.44","Billable","Franklin","Rip down something old","III-Project"
"10454","TIME","ShawnR","3:12:00","103.03","Hourly","02/26/2013","Fix","0.000","0.00","329.70","Billable","Freetown","Take something old and make it better","OOO-Project"
"10455","TIME","TomH","6:12:00","106.04","Hourly","02/26/2013","DesignS","0.000","0.00","657.45","Billable","Gardner","Noodle about a new structure","UUU-Project"
"10456","TIME","CoreyM","4:12:00","104.05","Hourly","02/26/2013","Bid","0.000","0.00","437.01","Override","Georgetown","Promise you can do something great",""
"10457","TIME","JamesR","5:12:00","105.06","Hourly","02/27/2013","Clean","0.000","0.00","546.31","Do Not Bill","Gill","Take away wreckage and trash and then sweep up","AAA-Project"
"10458","TIME","SamS","7:12:00","107.07","Hourly","02/27/2013","DesignL","0.000","0.00","770.90","Billable","Gloucester","Noodle about landscape","EEE-Project"
"10459","TIME","ShawnR","8:12:00","108.08","Hourly","02/27/2013","Planting","0.000","0.00","886.26","Billable","Goshen","Plant all kinds of stuff","GOSHE-Project01"
"10460","TIME","TomH","9:12:00","109.09","Hourly","02/27/2013","Lot Maintenance","0.000","0.00","1003.63","Override","Gosnold","Mow, trim, dig up, and spread","GOSNO-Project02"
"10461","TIME","CoreyM","10:12:00","110.10","Hourly","02/27/2013","Water Feature","0.000","0.00","1123.02","No Charge","Grafton","Make something splash and flow","III-Project"
"10462","TIME","JamesR","11:12:00","111.11","Hourly","02/27/2013","Pave","0.000","0.00","1244.43","Billable","Granby","Create pretty pattern with stones","OOO-Project"
"10463","TIME","SamS","1:12:00","101.12","Hourly","02/27/2013","Build Structure","0.000","0.00","121.34","Billable","Granville","Create something new","UUU-Project"
"10464","TIME","ShawnR","2:12:00","102.13","Hourly","02/27/2013","DemoS","0.000","0.00","224.69","Billable","Great Barrington","Rip down something old",""
"10465","TIME","TomH","3:12:00","103.14","Hourly","02/28/2013","Fix","0.000","0.00","330.05","Billable","Greenfield","Take something old and make it better","AAA-Project"
"10466","TIME","CoreyM","6:12:00","106.15","Hourly","02/28/2013","DesignS","0.000","0.00","658.13","Billable","Groton","Noodle about a new structure","EEE-Project"
"10467","TIME","JamesR","4:12:00","104.16","Hourly","02/28/2013","Bid","0.000","0.00","437.47","Override","Groveland","Promise you can do something great","GROVE-Project01"
"10468","TIME","SamS","5:12:00","105.17","Hourly","02/28/2013","Clean","0.000","0.00","546.88","Do Not Bill","Hadley","Take away wreckage and trash and then sweep up","HADLE-Project02"
"10469","TIME","ShawnR","7:12:00","107.18","Hourly","02/28/2013","DesignL","0.000","0.00","771.70","Billable","Halifax","Noodle about landscape","III-Project"
"10470","TIME","TomH","8:12:00","108.19","Hourly","02/28/2013","Planting","0.000","0.00","887.16","Billable","Hamilton","Plant all kinds of stuff","OOO-Project"
"10471","TIME","CoreyM","9:12:00","109.20","Hourly","02/28/2013","Lot Maintenance","0.000","0.00","1004.64","Override","Hampden","Mow, trim, dig up, and spread","UUU-Project"
"10472","TIME","JamesR","10:12:00","105.01","Hourly","02/28/2013","Water Feature","0.000","0.00","1071.10","No Charge","Hancock","Make something splash and flow",""
"10473","TIME","SamS","11:12:00","103.02","Hourly","03/01/2013","Pave","0.000","0.00","1153.82","Billable","Hanover","Create pretty pattern with stones","AAA-Project"
"10474","TIME","ShawnR","1:12:00","104.03","Hourly","03/01/2013","Build Structure","0.000","0.00","124.84","Billable","Hanson","Create something new","EEE-Project"
"10475","TIME","TomH","2:12:00","101.04","Hourly","03/01/2013","DemoS","0.000","0.00","222.29","Billable","Hardwick","Rip down something old","HARDW-Project01"
"10476","TIME","CoreyM","3:12:00","102.05","Hourly","03/01/2013","Fix","0.000","0.00","326.56","Billable","Harvard","Take something old and make it better","HARVA-Project02"
"10477","TIME","JamesR","6:12:00","105.06","Hourly","03/01/2013","DesignS","0.000","0.00","651.37","Billable","Harwich","Noodle about a new structure","III-Project"
"10478","TIME","SamS","4:12:00","103.07","Hourly","03/01/2013","Bid","0.000","0.00","432.89","Override","Hatfield","Promise you can do something great","OOO-Project"
"10479","TIME","ShawnR","5:12:00","104.08","Hourly","03/01/2013","Clean","0.000","0.00","541.22","Do Not Bill","Haverhill","Take away wreckage and trash and then sweep up","UUU-Project"
"10480","TIME","TomH","7:12:00","101.09","Hourly","03/01/2013","DesignL","0.000","0.00","727.85","Billable","Hawley","Noodle about landscape",""
"10481","TIME","CoreyM","8:12:00","102.10","Hourly","03/02/2013","Planting","0.000","0.00","837.22","Billable","Heath","Plant all kinds of stuff","AAA-Project"
"10482","TIME","JamesR","9:12:00","105.11","Hourly","03/02/2013","Lot Maintenance","0.000","0.00","967.01","Override","Hingham","Mow, trim, dig up, and spread","EEE-Project"
"10483","TIME","SamS","10:12:00","103.12","Hourly","03/02/2013","Water Feature","0.000","0.00","1051.82","No Charge","Hinsdale","Make something splash and flow","HINSD-Project01"
"10484","TIME","ShawnR","11:12:00","104.13","Hourly","03/02/2013","Pave","0.000","0.00","1166.26","Billable","Holbrook","Create pretty pattern with stones","HOLBR-Project02"
"10485","TIME","TomH","1:12:00","101.14","Hourly","03/02/2013","Build Structure","0.000","0.00","121.37","Billable","Holden","Create something new","III-Project"
"10486","TIME","CoreyM","2:12:00","102.15","Hourly","03/02/2013","DemoS","0.000","0.00","224.73","Billable","Holland","Rip down something old","OOO-Project"
"10487","TIME","JamesR","3:12:00","105.16","Hourly","03/02/2013","Fix","0.000","0.00","336.51","Billable","Holliston","Take something old and make it better","UUU-Project"
"10488","TIME","SamS","6:12:00","103.17","Hourly","03/02/2013","DesignS","0.000","0.00","639.65","Billable","Holyoke","Noodle about a new structure",""
"10489","TIME","ShawnR","4:12:00","104.18","Hourly","03/03/2013","Bid","0.000","0.00","437.56","Override","Hopedale","Promise you can do something great","AAA-Project"
"10490","TIME","TomH","5:12:00","101.19","Hourly","03/03/2013","Clean","0.000","0.00","526.19","Do Not Bill","Hopkinton","Take away wreckage and trash and then sweep up","EEE-Project"
"10491","TIME","CoreyM","7:12:00","102.20","Hourly","03/03/2013","DesignL","0.000","0.00","735.84","Billable","Hubbardston","Noodle about landscape","HUBBA-Project01"
"10492","TIME","JamesR","8:12:00","175.01","Hourly","03/03/2013","Planting","0.000","0.00","1435.08","Billable","Hudson","Plant all kinds of stuff","HUDSO-Project02"
"10493","TIME","SamS","9:12:00","244.02","Hourly","03/03/2013","Lot Maintenance","0.000","0.00","2244.98","Override","Hull","Mow, trim, dig up, and spread","III-Project"
"10494","TIME","ShawnR","10:12:00","23.03","Hourly","03/03/2013","Water Feature","0.000","0.00","234.91","No Charge","Huntington","Make something splash and flow","OOO-Project"
"10495","TIME","TomH","11:12:00","221.04","Hourly","03/03/2013","Pave","0.000","0.00","2475.65","Billable","Ipswich","Create pretty pattern with stones","UUU-Project"
"10496","TIME","CoreyM","1:12:00","290.05","Hourly","03/03/2013","Build Structure","0.000","0.00","348.06","Billable","Kingston","Create something new",""
"10497","TIME","JamesR","2:12:00","286.06","Hourly","03/04/2013","DemoS","0.000","0.00","629.33","Billable","Lakeville","Rip down something old","AAA-Project"
"10498","TIME","SamS","3:12:00","137.07","Hourly","03/04/2013","Fix","0.000","0.00","438.62","Billable","Lancaster","Take something old and make it better","EEE-Project"
"10499","TIME","ShawnR","6:12:00","59.08","Hourly","03/04/2013","DesignS","0.000","0.00","366.30","Billable","Lanesborough","Noodle about a new structure","III-Project"
"10500","TIME","TomH","4:12:00","197.09","Hourly","03/04/2013","Bid","0.000","0.00","827.78","Override","Lawrence","Promise you can do something great","LAWRE-Project01"
"10501","TIME","CoreyM","5:12:00","61.10","Hourly","03/04/2013","Clean","0.000","0.00","317.72","Do Not Bill","Lee","Take away wreckage and trash and then sweep up","LEE-Project02"
"10502","TIME","JamesR","7:12:00","138.11","Hourly","03/04/2013","DesignL","0.000","0.00","994.39","Billable","Leicester","Noodle about landscape","OOO-Project"
"10503","TIME","SamS","8:12:00","62.12","Hourly","03/04/2013","Planting","0.000","0.00","509.38","Billable","Lenox","Plant all kinds of stuff","UUU-Project"
"10504","TIME","ShawnR","9:12:00","117.13","Hourly","03/04/2013","Lot Maintenance","0.000","0.00","1077.60","Override","Leominster","Mow, trim, dig up, and spread",""
"10505","TIME","TomH","10:12:00","24.14","Hourly","03/05/2013","Water Feature","0.000","0.00","246.23","No Charge","Leverett","Make something splash and flow","AAA-Project"
"10506","TIME","CoreyM","11:12:00","296.15","Hourly","03/05/2013","Pave","0.000","0.00","3316.88","Billable","Lexington","Create pretty pattern with stones","EEE-Project"
"10507","TIME","JamesR","1:12:00","86.16","Hourly","03/05/2013","Build Structure","0.000","0.00","103.39","Billable","Leyden","Create something new","III-Project"
"10508","TIME","SamS","2:12:00","183.17","Hourly","03/05/2013","DemoS","0.000","0.00","402.97","Billable","Lincoln","Rip down something old","LINCO-Project01"
"10509","TIME","ShawnR","3:12:00","118.18","Hourly","03/05/2013","Fix","0.000","0.00","378.18","Billable","Littleton","Take something old and make it better","LITTL-Project02"
"10510","TIME","TomH","6:12:00","47.19","Hourly","03/05/2013","DesignS","0.000","0.00","292.58","Billable","Longmeadow","Noodle about a new structure","OOO-Project"
"10511","TIME","CoreyM","4:12:00","200.20","Hourly","03/05/2013","Bid","0.000","0.00","840.84","Override","Lowell","Promise you can do something great","UUU-Project"
"10512","TIME","JamesR","5:12:00","105.01","Hourly","03/05/2013","Clean","0.000","0.00","546.05","Do Not Bill","Ludlow","Take away wreckage and trash and then sweep up",""
"10513","TIME","SamS","7:12:00","107.02","Hourly","03/06/2013","DesignL","0.000","0.00","770.54","Billable","Lunenburg","Noodle about landscape","AAA-Project"
"10514","TIME","ShawnR","8:12:00","108.03","Hourly","03/06/2013","Planting","0.000","0.00","885.85","Billable","Lynn","Plant all kinds of stuff","EEE-Project"
"10515","TIME","TomH","9:12:00","109.04","Hourly","03/06/2013","Lot Maintenance","0.000","0.00","1003.17","Override","Lynnfield","Mow, trim, dig up, and spread","III-Project"
"10516","TIME","CoreyM","10:12:00","110.05","Hourly","03/06/2013","Water Feature","0.000","0.00","1122.51","No Charge","Malden","Make something splash and flow","MALDE-Project01"
"10517","TIME","JamesR","11:12:00","111.06","Hourly","03/06/2013","Pave","0.000","0.00","1243.87","Billable","Manchester-by-the-Sea","Create pretty pattern with stones","MANCH-Project02"
"10518","TIME","SamS","1:12:00","101.07","Hourly","03/06/2013","Build Structure","0.000","0.00","121.28","Billable","Mansfield","Create something new","OOO-Project"
"10519","TIME","ShawnR","2:12:00","102.08","Hourly","03/06/2013","DemoS","0.000","0.00","224.58","Billable","Marblehead","Rip down something old","UUU-Project"
"10520","TIME","TomH","3:12:00","103.09","Hourly","03/06/2013","Fix","0.000","0.00","329.89","Billable","Marion","Take something old and make it better",""
"10521","TIME","CoreyM","6:12:00","106.10","Hourly","03/07/2013","DesignS","0.000","0.00","657.82","Billable","Marlborough","Noodle about a new structure","AAA-Project"
"10522","TIME","JamesR","4:12:00","104.11","Hourly","03/07/2013","Bid","0.000","0.00","437.26","Override","Marshfield","Promise you can do something great","EEE-Project"
"10523","TIME","SamS","5:12:00","105.12","Hourly","03/07/2013","Clean","0.000","0.00","546.62","Do Not Bill","Mashpee","Take away wreckage and trash and then sweep up","III-Project"
"10524","TIME","ShawnR","7:12:00","107.13","Hourly","03/07/2013","DesignL","0.000","0.00","771.34","Billable","Mattapoisett","Noodle about landscape","MATTA-Project01"
"10525","TIME","TomH","8:12:00","108.14","Hourly","03/07/2013","Planting","0.000","0.00","886.75","Billable","Maynard","Plant all kinds of stuff","MAYNA-Project02"
"10526","TIME","CoreyM","9:12:00","109.15","Hourly","03/07/2013","Lot Maintenance","0.000","0.00","1004.18","Override","Medfield","Mow, trim, dig up, and spread","OOO-Project"
"10527","TIME","JamesR","10:12:00","110.16","Hourly","03/07/2013","Water Feature","0.000","0.00","1123.63","No Charge","Medford","Make something splash and flow","UUU-Project"
"10528","TIME","SamS","11:12:00","111.17","Hourly","03/07/2013","Pave","0.000","0.00","1245.10","Billable","Medway","Create pretty pattern with stones",""
"10529","TIME","ShawnR","1:12:00","101.18","Hourly","03/08/2013","Build Structure","0.000","0.00","121.42","Billable","Melrose","Create something new","AAA-Project"
"10530","TIME","TomH","2:12:00","102.19","Hourly","03/08/2013","DemoS","0.000","0.00","224.82","Billable","Mendon","Rip down something old","EEE-Project"
"10531","TIME","CoreyM","3:12:00","103.20","Hourly","03/08/2013","Fix","0.000","0.00","330.24","Billable","Merrimac","Take something old and make it better","III-Project"
"10532","TIME","JamesR","6:12:00","105.01","Hourly","03/08/2013","DesignS","0.000","0.00","651.06","Billable","Methuen","Noodle about a new structure","METHU-Project01"
"10533","TIME","SamS","4:12:00","103.02","Hourly","03/08/2013","Bid","0.000","0.00","432.68","Override","Middleborough","Promise you can do something great","MIDDL-Project02"
"10534","TIME","ShawnR","5:12:00","104.03","Hourly","03/08/2013","Clean","0.000","0.00","540.96","Do Not Bill","Middlefield","Take away wreckage and trash and then sweep up","OOO-Project"
"10535","TIME","TomH","7:12:00","101.04","Hourly","03/08/2013","DesignL","0.000","0.00","727.49","Billable","Middleton","Noodle about landscape","UUU-Project"
"10536","TIME","CoreyM","8:12:00","102.05","Hourly","03/08/2013","Planting","0.000","0.00","836.81","Billable","Milford","Plant all kinds of stuff",""
"10537","TIME","JamesR","9:12:00","105.06","Hourly","03/09/2013","Lot Maintenance","0.000","0.00","966.55","Override","Millbury","Mow, trim, dig up, and spread","AAA-Project"
"10538","TIME","SamS","10:12:00","103.07","Hourly","03/09/2013","Water Feature","0.000","0.00","1051.31","No Charge","Millis","Make something splash and flow","EEE-Project"
"10539","TIME","ShawnR","11:12:00","104.08","Hourly","03/09/2013","Pave","0.000","0.00","1165.70","Billable","Millville","Create pretty pattern with stones","III-Project"
"10540","TIME","TomH","1:12:00","101.09","Hourly","03/09/2013","Build Structure","0.000","0.00","121.31","Billable","Milton","Create something new","MILTO-Project01"
"10541","TIME","CoreyM","2:12:00","102.10","Hourly","03/09/2013","DemoS","0.000","0.00","224.62","Billable","Monroe","Rip down something old","MONRO-Project02"
"10542","TIME","JamesR","3:12:00","105.11","Hourly","03/09/2013","Fix","0.000","0.00","336.35","Billable","Monson","Take something old and make it better","OOO-Project"
"10543","TIME","SamS","6:12:00","103.12","Hourly","03/09/2013","DesignS","0.000","0.00","639.34","Billable","Montague","Noodle about a new structure","UUU-Project"
"10544","TIME","ShawnR","4:12:00","104.13","Hourly","03/09/2013","Bid","0.000","0.00","437.35","Override","Monterey","Promise you can do something great",""
"10545","TIME","TomH","5:12:00","101.14","Hourly","03/10/2013","Clean","0.000","0.00","525.93","Do Not Bill","Montgomery","Take away wreckage and trash and then sweep up","AAA-Project"
"10546","TIME","CoreyM","7:12:00","102.15","Hourly","03/10/2013","DesignL","0.000","0.00","735.48","Billable","Mount Washington","Noodle about landscape","EEE-Project"
"10547","TIME","JamesR","8:12:00","105.16","Hourly","03/10/2013","Planting","0.000","0.00","862.31","Billable","Nahant","Plant all kinds of stuff","III-Project"
"10548","TIME","SamS","9:12:00","103.17","Hourly","03/10/2013","Lot Maintenance","0.000","0.00","949.16","Override","Nantucket","Mow, trim, dig up, and spread","NANTU-Project01"
"10549","TIME","ShawnR","10:12:00","104.18","Hourly","03/10/2013","Water Feature","0.000","0.00","1062.64","No Charge","Natick","Make something splash and flow","NATIC-Project02"
"10550","TIME","TomH","11:12:00","101.19","Hourly","03/10/2013","Pave","0.000","0.00","1133.33","Billable","Needham","Create pretty pattern with stones","OOO-Project"
"10551","TIME","CoreyM","1:12:00","102.20","Hourly","03/10/2013","Build Structure","0.000","0.00","122.64","Billable","New Ashford","Create something new","UUU-Project"
"10552","TIME","JamesR","2:12:00","339.01","Hourly","03/10/2013","DemoS","0.000","0.00","745.82","Billable","New Bedford","Rip down something old",""
"10553","TIME","SamS","3:12:00","141.02","Hourly","03/11/2013","Fix","0.000","0.00","451.26","Billable","New Braintree","Take something old and make it better","AAA-Project"
"10554","TIME","ShawnR","6:12:00","64.03","Hourly","03/11/2013","DesignS","0.000","0.00","396.99","Billable","New Marlborough","Noodle about a new structure","EEE-Project"
"10555","TIME","TomH","4:12:00","98.04","Hourly","03/11/2013","Bid","0.000","0.00","411.77","Override","New Salem","Promise you can do something great","III-Project"
"10556","TIME","CoreyM","5:12:00","227.05","Hourly","03/11/2013","Clean","0.000","0.00","1180.66","Do Not Bill","Newbury","Take away wreckage and trash and then sweep up","NEWBU-Project01"
"10557","TIME","JamesR","7:12:00","226.06","Hourly","03/11/2013","DesignL","0.000","0.00","1627.63","Billable","Newburyport","Noodle about landscape","NEWBU-Project02"
"10558","TIME","SamS","8:12:00","299.07","Hourly","03/11/2013","Planting","0.000","0.00","2452.37","Billable","Newton","Plant all kinds of stuff","OOO-Project"
"10559","TIME","ShawnR","9:12:00","250.08","Hourly","03/11/2013","Lot Maintenance","0.000","0.00","2300.74","Override","Norfolk","Mow, trim, dig up, and spread","UUU-Project"
"10560","TIME","TomH","10:12:00","66.09","Hourly","03/11/2013","Water Feature","0.000","0.00","674.12","No Charge","North.Adams","Make something splash and flow",""
"10561","TIME","CoreyM","11:12:00","199.10","Hourly","03/12/2013","Pave","0.000","0.00","2229.92","Billable","North.Andover","Create pretty pattern with stones","AAA-Project"
"10562","TIME","JamesR","1:12:00","341.11","Hourly","03/12/2013","Build Structure","0.000","0.00","409.33","Billable","North.Attleborough","Create something new","EEE-Project"
"10563","TIME","SamS","2:12:00","144.12","Hourly","03/12/2013","DemoS","0.000","0.00","317.06","Billable","North.Brookfield","Rip down something old","III-Project"
"10564","TIME","ShawnR","3:12:00","202.13","Hourly","03/12/2013","Fix","0.000","0.00","646.82","Billable","North.Reading","Take something old and make it better","NORTH-Project01"
"10565","TIME","TomH","6:12:00","27.14","Hourly","03/12/2013","DesignS","0.000","0.00","168.27","Billable","Northampton","Noodle about a new structure","NORTH-Project02"
"10566","TIME","CoreyM","4:12:00","142.15","Hourly","03/12/2013","Bid","0.000","0.00","597.03","Override","Northborough","Promise you can do something great","OOO-Project"
"10567","TIME","JamesR","5:12:00","143.16","Hourly","03/12/2013","Clean","0.000","0.00","744.43","Do Not Bill","Northbridge","Take away wreckage and trash and then sweep up","UUU-Project"
"10568","TIME","SamS","7:12:00","99.17","Hourly","03/12/2013","DesignL","0.000","0.00","714.02","Billable","Northfield","Noodle about landscape",""
"10569","TIME","ShawnR","8:12:00","343.18","Hourly","03/13/2013","Planting","0.000","0.00","2814.08","Billable","Norton","Plant all kinds of stuff","AAA-Project"
"10570","TIME","TomH","9:12:00","251.19","Hourly","03/13/2013","Lot Maintenance","0.000","0.00","2310.95","Override","Norwell","Mow, trim, dig up, and spread","EEE-Project"
"10571","TIME","CoreyM","10:12:00","252.20","Hourly","03/13/2013","Water Feature","0.000","0.00","2572.44","No Charge","Norwood","Make something splash and flow","III-Project"
"10572","TIME","JamesR","11:12:00","111.01","Hourly","03/13/2013","Pave","0.000","0.00","1243.31","Billable","Oak Bluffs","Create pretty pattern with stones","OAKBL-Project01"
"10573","TIME","SamS","1:12:00","101.02","Hourly","03/13/2013","Build Structure","0.000","0.00","121.22","Billable","Oakham","Create something new","OAKHA-Project02"
"10574","TIME","ShawnR","2:12:00","102.03","Hourly","03/13/2013","DemoS","0.000","0.00","224.47","Billable","Orange","Rip down something old","ORANG-Project02"
"10575","TIME","TomH","3:12:00","103.04","Hourly","03/13/2013","Fix","0.000","0.00","329.73","Billable","Orleans","Take something old and make it better","UUU-Project"
"10576","TIME","CoreyM","6:12:00","106.05","Hourly","03/13/2013","DesignS","0.000","0.00","657.51","Billable","Otis","Noodle about a new structure",""
"10577","TIME","JamesR","4:12:00","104.06","Hourly","03/14/2013","Bid","0.000","0.00","437.05","Override","Oxford","Promise you can do something great","AAA-Project"
"10578","TIME","SamS","5:12:00","105.07","Hourly","03/14/2013","Clean","0.000","0.00","546.36","Do Not Bill","Palmer","Take away wreckage and trash and then sweep up","EEE-Project"
"10579","TIME","ShawnR","7:12:00","107.08","Hourly","03/14/2013","DesignL","0.000","0.00","770.98","Billable","Paxton","Noodle about landscape","III-Project"
"10580","TIME","TomH","8:12:00","108.09","Hourly","03/14/2013","Planting","0.000","0.00","886.34","Billable","Peabody","Plant all kinds of stuff","OOO-Project"
"10581","TIME","CoreyM","9:12:00","109.10","Hourly","03/14/2013","Lot Maintenance","0.000","0.00","1003.72","Override","Pelham","Mow, trim, dig up, and spread","PELHA-Project01"
"10582","TIME","JamesR","10:12:00","110.11","Hourly","03/14/2013","Water Feature","0.000","0.00","1123.12","No Charge","Pembroke","Make something splash and flow","PEMBR-Project02"
"10583","TIME","SamS","11:12:00","111.12","Hourly","03/14/2013","Pave","0.000","0.00","1244.54","Billable","Pepperell","Create pretty pattern with stones","UUU-Project"
"10584","TIME","ShawnR","1:12:00","101.13","Hourly","03/14/2013","Build Structure","0.000","0.00","121.36","Billable","Peru","Create something new",""
"10585","TIME","TomH","2:12:00","102.14","Hourly","03/15/2013","DemoS","0.000","0.00","224.71","Billable","Petersham","Rip down something old","AAA-Project"
"10586","TIME","CoreyM","3:12:00","103.15","Hourly","03/15/2013","Fix","0.000","0.00","330.08","Billable","Phillipston","Take something old and make it better","EEE-Project"
"10587","TIME","JamesR","6:12:00","106.16","Hourly","03/15/2013","DesignS","0.000","0.00","658.19","Billable","Pittsfield","Noodle about a new structure","III-Project"
"10588","TIME","SamS","4:12:00","104.17","Hourly","03/15/2013","Bid","0.000","0.00","437.51","Override","Plainfield","Promise you can do something great","OOO-Project"
"10589","TIME","ShawnR","5:12:00","105.18","Hourly","03/15/2013","Clean","0.000","0.00","546.94","Do Not Bill","Plainville","Take away wreckage and trash and then sweep up","PLAIN-Project01"
"10590","TIME","TomH","7:12:00","107.19","Hourly","03/15/2013","DesignL","0.000","0.00","771.77","Billable","Plymouth","Noodle about landscape","PLYMO-Project02"
"10591","TIME","CoreyM","8:12:00","108.20","Hourly","03/15/2013","Planting","0.000","0.00","887.24","Billable","Plympton","Plant all kinds of stuff","UUU-Project"
"10592","TIME","JamesR","9:12:00","105.01","Hourly","03/15/2013","Lot Maintenance","0.000","0.00","966.09","Override","Princeton","Mow, trim, dig up, and spread",""
"10593","TIME","SamS","10:12:00","103.02","Hourly","03/16/2013","Water Feature","0.000","0.00","1050.80","No Charge","Provincetown","Make something splash and flow","AAA-Project"
"10594","TIME","ShawnR","11:12:00","104.03","Hourly","03/16/2013","Pave","0.000","0.00","1165.14","Billable","Quincy","Create pretty pattern with stones","EEE-Project"
"10595","TIME","TomH","1:12:00","101.04","Hourly","03/16/2013","Build Structure","0.000","0.00","121.25","Billable","Randolph","Create something new","III-Project"
"10596","TIME","CoreyM","2:12:00","102.05","Hourly","03/16/2013","DemoS","0.000","0.00","224.51","Billable","Raynham","Rip down something old","OOO-Project"
"10597","TIME","JamesR","3:12:00","105.06","Hourly","03/16/2013","Fix","0.000","0.00","336.19","Billable","Reading","Take something old and make it better","READI-Project01"
"10598","TIME","SamS","6:12:00","103.07","Hourly","03/16/2013","DesignS","0.000","0.00","639.03","Billable","Rehoboth","Noodle about a new structure","REHOB-Project02"
"10599","TIME","ShawnR","4:12:00","104.08","Hourly","03/16/2013","Bid","0.000","0.00","437.14","Override","Revere","Promise you can do something great","UUU-Project"
"10600","TIME","TomH","5:12:00","101.09","Hourly","03/16/2013","Clean","0.000","0.00","525.67","Do Not Bill","Richmond","Take away wreckage and trash and then sweep up",""
"10601","TIME","CoreyM","7:12:00","102.10","Hourly","03/17/2013","DesignL","0.000","0.00","735.12","Billable","Rochester","Noodle about landscape","AAA-Project"
"10602","TIME","JamesR","8:12:00","105.11","Hourly","03/17/2013","Planting","0.000","0.00","861.90","Billable","Rockland","Plant all kinds of stuff","EEE-Project"
"10603","TIME","SamS","9:12:00","103.12","Hourly","03/17/2013","Lot Maintenance","0.000","0.00","948.70","Override","Rockport","Mow, trim, dig up, and spread","III-Project"
"10604","TIME","ShawnR","10:12:00","104.13","Hourly","03/17/2013","Water Feature","0.000","0.00","1062.13","No Charge","Rowe","Make something splash and flow","OOO-Project"
"10605","TIME","TomH","11:12:00","101.14","Hourly","03/17/2013","Pave","0.000","0.00","1132.77","Billable","Rowley","Create pretty pattern with stones","ROWLE-Project01"
"10606","TIME","CoreyM","1:12:00","102.15","Hourly","03/17/2013","Build Structure","0.000","0.00","122.58","Billable","Royalston","Create something new","ROYAL-Project02"
"10607","TIME","JamesR","2:12:00","105.16","Hourly","03/17/2013","DemoS","0.000","0.00","231.35","Billable","Russell","Rip down something old","UUU-Project"
"10608","TIME","SamS","3:12:00","103.17","Hourly","03/17/2013","Fix","0.000","0.00","330.14","Billable","Rutland","Take something old and make it better",""
"10609","TIME","ShawnR","6:12:00","104.18","Hourly","03/18/2013","DesignS","0.000","0.00","645.92","Billable","Salem","Noodle about a new structure","AAA-Project"
"10610","TIME","TomH","4:12:00","101.19","Hourly","03/18/2013","Bid","0.000","0.00","425.00","Override","Salisbury","Promise you can do something great","EEE-Project"
"10611","TIME","CoreyM","5:12:00","102.20","Hourly","03/18/2013","Clean","0.000","0.00","531.44","Do Not Bill","Sandisfield","Take away wreckage and trash and then sweep up","III-Project"
"10612","TIME","JamesR","7:12:00","313.01","Hourly","03/18/2013","DesignL","0.000","0.00","2253.67","Billable","Sandwich","Noodle about landscape","OOO-Project"
"10613","TIME","SamS","8:12:00","211.02","Hourly","03/18/2013","Planting","0.000","0.00","1730.36","Billable","Saugus","Plant all kinds of stuff","SAUGU-Project01"
"10614","TIME","ShawnR","9:12:00","72.03","Hourly","03/18/2013","Lot Maintenance","0.000","0.00","662.68","Override","Savoy","Mow, trim, dig up, and spread","SAVOY-Project02"
"10615","TIME","TomH","10:12:00","253.04","Hourly","03/18/2013","Water Feature","0.000","0.00","2581.01","No Charge","Scituate","Make something splash and flow","UUU-Project"
"10616","TIME","CoreyM","11:12:00","347.05","Hourly","03/18/2013","Pave","0.000","0.00","3886.96","Billable","Seekonk","Create pretty pattern with stones",""
"10617","TIME","JamesR","1:12:00","254.06","Hourly","03/19/2013","Build Structure","0.000","0.00","304.87","Billable","Sharon","Create something new","AAA-Project"
"10618","TIME","SamS","2:12:00","73.07","Hourly","03/19/2013","DemoS","0.000","0.00","160.75","Billable","Sheffield","Rip down something old","EEE-Project"
"10619","TIME","ShawnR","3:12:00","104.08","Hourly","03/19/2013","Fix","0.000","0.00","333.06","Billable","Shelburne","Take something old and make it better","III-Project"
"10620","TIME","TomH","6:12:00","181.09","Hourly","03/19/2013","DesignS","0.000","0.00","1122.76","Billable","Sherborn","Noodle about a new structure","OOO-Project"
"10621","TIME","CoreyM","4:12:00","121.10","Hourly","03/19/2013","Bid","0.000","0.00","508.62","Override","Shirley","Promise you can do something great","SHIRL-Project01"
"10622","TIME","JamesR","5:12:00","148.11","Hourly","03/19/2013","Clean","0.000","0.00","770.17","Do Not Bill","Shrewsbury","Take away wreckage and trash and then sweep up","SHREW-Project02"
"10623","TIME","SamS","7:12:00","32.12","Hourly","03/19/2013","DesignL","0.000","0.00","231.26","Billable","Shutesbury","Noodle about landscape","UUU-Project"
"10624","TIME","ShawnR","8:12:00","336.13","Hourly","03/19/2013","Planting","0.000","0.00","2756.27","Billable","Somerset","Plant all kinds of stuff",""
"10625","TIME","TomH","9:12:00","261.14","Hourly","03/20/2013","Lot Maintenance","0.000","0.00","2402.49","Override","Somerville","Mow, trim, dig up, and spread","AAA-Project"
"10626","TIME","CoreyM","10:12:00","34.15","Hourly","03/20/2013","Water Feature","0.000","0.00","348.33","No Charge","South.Hadley","Make something splash and flow","EEE-Project"
"10627","TIME","JamesR","11:12:00","33.16","Hourly","03/20/2013","Pave","0.000","0.00","371.39","Billable","Southampton","Create pretty pattern with stones","III-Project"
"10628","TIME","SamS","1:12:00","182.17","Hourly","03/20/2013","Build Structure","0.000","0.00","218.60","Billable","Southborough","Create something new","OOO-Project"
"10629","TIME","ShawnR","2:12:00","149.18","Hourly","03/20/2013","DemoS","0.000","0.00","328.20","Billable","Southbridge","Rip down something old","SOUTH-Project01"
"10630","TIME","TomH","3:12:00","35.19","Hourly","03/20/2013","Fix","0.000","0.00","112.61","Billable","Southwick","Take something old and make it better","SOUTH-Project02"
"10631","TIME","CoreyM","6:12:00","150.20","Hourly","03/20/2013","DesignS","0.000","0.00","931.24","Billable","Spencer","Noodle about a new structure","UUU-Project"
"10632","TIME","JamesR","4:12:00","104.01","Hourly","03/20/2013","Bid","0.000","0.00","436.84","Override","Springfield","Promise you can do something great",""
"10633","TIME","SamS","5:12:00","105.02","Hourly","03/21/2013","Clean","0.000","0.00","546.10","Do Not Bill","Sterling","Take away wreckage and trash and then sweep up","AAA-Project"
"10634","TIME","ShawnR","7:12:00","107.03","Hourly","03/21/2013","DesignL","0.000","0.00","770.62","Billable","Stockbridge","Noodle about landscape","EEE-Project"
"10635","TIME","TomH","8:12:00","108.04","Hourly","03/21/2013","Planting","0.000","0.00","885.93","Billable","Stoneham","Plant all kinds of stuff","III-Project"
"10636","TIME","CoreyM","9:12:00","109.05","Hourly","03/21/2013","Lot Maintenance","0.000","0.00","1003.26","Override","Stoughton","Mow, trim, dig up, and spread","OOO-Project"
"10637","TIME","JamesR","10:12:00","110.06","Hourly","03/21/2013","Water Feature","0.000","0.00","1122.61","No Charge","Stow","Make something splash and flow","STOW-Project01"
"10638","TIME","SamS","11:12:00","111.07","Hourly","03/21/2013","Pave","0.000","0.00","1243.98","Billable","Sturbridge","Create pretty pattern with stones","STURB-Project02"
"10639","TIME","ShawnR","1:12:00","101.08","Hourly","03/21/2013","Build Structure","0.000","0.00","121.30","Billable","Sudbury","Create something new","UUU-Project"
"10640","TIME","TomH","2:12:00","102.09","Hourly","03/21/2013","DemoS","0.000","0.00","224.60","Billable","Sunderland","Rip down something old",""
"10641","TIME","CoreyM","3:12:00","103.10","Hourly","03/22/2013","Fix","0.000","0.00","329.92","Billable","Sutton","Take something old and make it better","AAA-Project"
"10642","TIME","JamesR","6:12:00","106.11","Hourly","03/22/2013","DesignS","0.000","0.00","657.88","Billable","Swampscott","Noodle about a new structure","EEE-Project"
"10643","TIME","SamS","4:12:00","104.12","Hourly","03/22/2013","Bid","0.000","0.00","437.30","Override","Swansea","Promise you can do something great","III-Project"
"10644","TIME","ShawnR","5:12:00","105.13","Hourly","03/22/2013","Clean","0.000","0.00","546.68","Do Not Bill","Taunton","Take away wreckage and trash and then sweep up","OOO-Project"
"10645","TIME","TomH","7:12:00","107.14","Hourly","03/22/2013","DesignL","0.000","0.00","771.41","Billable","Templeton","Noodle about landscape","TEMPL-Project01"
"10646","TIME","CoreyM","8:12:00","108.15","Hourly","03/22/2013","Planting","0.000","0.00","886.83","Billable","Tewksbury","Plant all kinds of stuff","TEWKS-Project02"
"10647","TIME","JamesR","9:12:00","109.16","Hourly","03/22/2013","Lot Maintenance","0.000","0.00","1004.27","Override","Tisbury","Mow, trim, dig up, and spread","UUU-Project"
"10648","TIME","SamS","10:12:00","110.17","Hourly","03/22/2013","Water Feature","0.000","0.00","1123.73","No Charge","Tolland","Make something splash and flow",""
"10649","TIME","ShawnR","11:12:00","111.18","Hourly","03/23/2013","Pave","0.000","0.00","1245.22","Billable","Topsfield","Create pretty pattern with stones","AAA-Project"
"10650","TIME","TomH","1:12:00","101.19","Hourly","03/23/2013","Build Structure","0.000","0.00","121.43","Billable","Townsend","Create something new","EEE-Project"
"10651","TIME","CoreyM","2:12:00","102.20","Hourly","03/23/2013","DemoS","0.000","0.00","224.84","Billable","Truro","Rip down something old","III-Project"
"10652","TIME","JamesR","3:12:00","105.01","Hourly","03/23/2013","Fix","0.000","0.00","336.03","Billable","Tyngsborough","Take something old and make it better","OOO-Project"
"10653","TIME","SamS","6:12:00","103.02","Hourly","03/23/2013","DesignS","0.000","0.00","638.72","Billable","Tyringham","Noodle about a new structure","TYRIN-Project01"
"10654","TIME","ShawnR","4:12:00","104.03","Hourly","03/23/2013","Bid","0.000","0.00","436.93","Override","Upton","Promise you can do something great","UPTON-Project02"
"10655","TIME","TomH","5:12:00","101.04","Hourly","03/23/2013","Clean","0.000","0.00","525.41","Do Not Bill","Uxbridge","Take away wreckage and trash and then sweep up","UXBRI-Project02"
"10656","TIME","CoreyM","7:12:00","102.05","Hourly","03/23/2013","DesignL","0.000","0.00","734.76","Billable","Wakefield","Noodle about landscape",""
"10657","TIME","JamesR","8:12:00","105.06","Hourly","03/24/2013","Planting","0.000","0.00","861.49","Billable","Wales","Plant all kinds of stuff","AAA-Project"
"10658","TIME","SamS","9:12:00","103.07","Hourly","03/24/2013","Lot Maintenance","0.000","0.00","948.24","Override","Walpole","Mow, trim, dig up, and spread","EEE-Project"
"10659","TIME","ShawnR","10:12:00","104.08","Hourly","03/24/2013","Water Feature","0.000","0.00","1061.62","No Charge","Waltham","Make something splash and flow","III-Project"
"10660","TIME","TomH","11:12:00","101.09","Hourly","03/24/2013","Pave","0.000","0.00","1132.21","Billable","Ware","Create pretty pattern with stones","OOO-Project"
"10661","TIME","CoreyM","1:12:00","102.10","Hourly","03/24/2013","Build Structure","0.000","0.00","122.52","Billable","Wareham","Create something new","UUU-Project"
"10662","TIME","JamesR","2:12:00","105.11","Hourly","03/24/2013","DemoS","0.000","0.00","231.24","Billable","Warren","Rip down something old","WARRE-Project01"
"10663","TIME","SamS","3:12:00","103.12","Hourly","03/24/2013","Fix","0.000","0.00","329.98","Billable","Warwick","Take something old and make it better","WARWI-Project02"
"10664","TIME","ShawnR","6:12:00","104.13","Hourly","03/24/2013","DesignS","0.000","0.00","645.61","Billable","Washington","Noodle about a new structure",""
"10665","TIME","TomH","4:12:00","101.14","Hourly","03/25/2013","Bid","0.000","0.00","424.79","Override","Watertown","Promise you can do something great","AAA-Project"
"10666","TIME","CoreyM","5:12:00","102.15","Hourly","03/25/2013","Clean","0.000","0.00","531.18","Do Not Bill","Wayland","Take away wreckage and trash and then sweep up","EEE-Project"
"10667","TIME","JamesR","7:12:00","105.16","Hourly","03/25/2013","DesignL","0.000","0.00","757.15","Billable","Webster","Noodle about landscape","III-Project"
"10668","TIME","SamS","8:12:00","103.17","Hourly","03/25/2013","Planting","0.000","0.00","845.99","Billable","Wellesley","Plant all kinds of stuff","OOO-Project"
"10669","TIME","ShawnR","9:12:00","104.18","Hourly","03/25/2013","Lot Maintenance","0.000","0.00","958.46","Override","Wellfleet","Mow, trim, dig up, and spread","UUU-Project"
"10670","TIME","TomH","10:12:00","101.19","Hourly","03/25/2013","Water Feature","0.000","0.00","1032.14","No Charge","Wendell","Make something splash and flow","WENDE-Project01"
"10671","TIME","CoreyM","11:12:00","102.20","Hourly","03/25/2013","Pave","0.000","0.00","1144.64","Billable","Wenham","Create pretty pattern with stones","WENHA-Project02"
"10672","TIME","JamesR","1:12:00","158.01","Hourly","03/25/2013","Build Structure","0.000","0.00","189.61","Billable","West.Boylston","Create something new",""
"10673","TIME","SamS","2:12:00","294.02","Hourly","03/26/2013","DemoS","0.000","0.00","646.84","Billable","West.Bridgewater","Rip down something old","AAA-Project"
"10674","TIME","ShawnR","3:12:00","159.03","Hourly","03/26/2013","Fix","0.000","0.00","508.90","Billable","West.Brookfield","Take something old and make it better","EEE-Project"
"10675","TIME","TomH","6:12:00","235.04","Hourly","03/26/2013","DesignS","0.000","0.00","1457.25","Billable","West.Newbury","Noodle about a new structure","III-Project"
"10676","TIME","CoreyM","4:12:00","41.05","Hourly","03/26/2013","Bid","0.000","0.00","172.41","Override","West.Springfield","Promise you can do something great","OOO-Project"
"10677","TIME","JamesR","5:12:00","78.06","Hourly","03/26/2013","Clean","0.000","0.00","405.91","Do Not Bill","West.Stockbridge","Take away wreckage and trash and then sweep up","UUU-Project"
"10678","TIME","SamS","7:12:00","316.07","Hourly","03/26/2013","DesignL","0.000","0.00","2275.70","Billable","West.Tisbury","Noodle about landscape","WESTT-Project01"
"10679","TIME","ShawnR","8:12:00","157.08","Hourly","03/26/2013","Planting","0.000","0.00","1288.06","Billable","Westborough","Plant all kinds of stuff","WESTB-Project02"
"10680","TIME","TomH","9:12:00","39.09","Hourly","03/26/2013","Lot Maintenance","0.000","0.00","359.63","Override","Westfield","Mow, trim, dig up, and spread",""
"10681","TIME","CoreyM","10:12:00","207.10","Hourly","03/27/2013","Water Feature","0.000","0.00","2112.42","No Charge","Westford","Make something splash and flow","AAA-Project"
"10682","TIME","JamesR","11:12:00","13.11","Hourly","03/27/2013","Pave","0.000","0.00","146.83","Billable","Westhampton","Create pretty pattern with stones","EEE-Project"
"10683","TIME","SamS","1:12:00","113.12","Hourly","03/27/2013","Build Structure","0.000","0.00","135.74","Billable","Westminster","Create something new","III-Project"
"10684","TIME","ShawnR","2:12:00","305.13","Hourly","03/27/2013","DemoS","0.000","0.00","671.29","Billable","Weston","Rip down something old","OOO-Project"
"10685","TIME","TomH","3:12:00","351.14","Hourly","03/27/2013","Fix","0.000","0.00","1123.65","Billable","Westport","Take something old and make it better","UUU-Project"
"10686","TIME","CoreyM","6:12:00","257.15","Hourly","03/27/2013","DesignS","0.000","0.00","1594.33","Billable","Westwood","Noodle about a new structure","WESTW-Project01"
"10687","TIME","JamesR","4:12:00","273.16","Hourly","03/27/2013","Bid","0.000","0.00","1147.27","Override","Weymouth","Promise you can do something great","WEYMO-Project02"
"10688","TIME","SamS","5:12:00","42.17","Hourly","03/27/2013","Clean","0.000","0.00","219.28","Do Not Bill","Whately","Take away wreckage and trash and then sweep up",""
"10689","TIME","ShawnR","7:12:00","295.18","Hourly","03/28/2013","DesignL","0.000","0.00","2125.30","Billable","Whitman","Noodle about landscape","AAA-Project"
"10690","TIME","TomH","8:12:00","43.19","Hourly","03/28/2013","Planting","0.000","0.00","354.16","Billable","Wilbraham","Plant all kinds of stuff","EEE-Project"
"10691","TIME","CoreyM","9:12:00","44.20","Hourly","03/28/2013","Lot Maintenance","0.000","0.00","406.64","Override","Williamsburg","Mow, trim, dig up, and spread","III-Project"
"10692","TIME","JamesR","10:12:00","110.01","Hourly","03/28/2013","Water Feature","0.000","0.00","1122.10","No Charge","Williamstown","Make something splash and flow","OOO-Project"
"10693","TIME","SamS","11:12:00","111.02","Hourly","03/28/2013","Pave","0.000","0.00","1243.42","Billable","Wilmington","Create pretty pattern with stones","UUU-Project"
"10694","TIME","ShawnR","1:12:00","101.03","Hourly","03/28/2013","Build Structure","0.000","0.00","121.24","Billable","Winchendon","Create something new","WINCH-Project01"
"10695","TIME","TomH","2:12:00","102.04","Hourly","03/28/2013","DemoS","0.000","0.00","224.49","Billable","Winchester","Rip down something old","WINCH-Project02"
"10696","TIME","CoreyM","3:12:00","103.05","Hourly","03/28/2013","Fix","0.000","0.00","329.76","Billable","Windsor","Take something old and make it better",""
"10697","TIME","JamesR","6:12:00","106.06","Hourly","03/29/2013","DesignS","0.000","0.00","657.57","Billable","Winthrop","Noodle about a new structure","AAA-Project"
"10698","TIME","SamS","4:12:00","104.07","Hourly","03/29/2013","Bid","0.000","0.00","437.09","Override","Woburn","Promise you can do something great","EEE-Project"
"10699","TIME","ShawnR","5:12:00","105.08","Hourly","03/29/2013","Clean","0.000","0.00","546.42","Do Not Bill","Worcester","Take away wreckage and trash and then sweep up","III-Project"
"10700","TIME","TomH","7:12:00","107.09","Hourly","03/29/2013","DesignL","0.000","0.00","771.05","Billable","Worthington","Noodle about landscape","OOO-Project"
"10701","TIME","CoreyM","8:12:00","108.10","Hourly","03/29/2013","Planting","0.000","0.00","886.42","Billable","Wrentham","Plant all kinds of stuff","UUU-Project"
"10702","TIME","JamesR","9:12:00","109.11","Hourly","03/29/2013","Lot Maintenance","0.000","0.00","1003.81","Override","Yarmouth","Mow, trim, dig up, and spread","YARMO-Project01"
"10703","EXP","SamS","0:00:00","0.00","","03/29/2013","Consultants","10.125","210.01","2126.35","Billable","Abington","Hiring folks to do stuff we cannot do","UUU-Project"
"10704","EXP","ShawnR","0:00:00","0.00","","03/29/2013","Safety","11.125","211.011","2347.50","Billable","Acton","Protection for eyes, ears, hands, etc.",""
"10705","EXP","TomH","0:00:00","0.00","","03/30/2013","Hand Tools","1.125","201.001","226.13","Billable","Acushnet","Hammers, saws, etc.","AAA-Project"
"10706","EXP","CoreyM","0:00:00","0.00","","07/27/2013","Power Tools","2.125","202.002","429.25","Override","Adams","Drills, skill saws, nail guns, etc.","ADAMS-Project01"
"10707","EXP","JamesR","0:00:00","0.00","","07/27/2013","Cleanup Supplies","3.125","203.003","634.38","No Charge","Agawam","Trash Bags, trash bags, and more trash bags","AGAWA-Project02"
"10708","EXP","SamS","0:00:00","0.00","","07/27/2013","Pavers","4.125","204.004","841.52","Override","Alford","Stuff used to make a patio or walkway","EEE-Project"
"10709","EXP","ShawnR","0:00:00","0.00","","07/27/2013","Wood","5.125","205.005","1050.65","Override","Amesbury","Stuff used to build structures and other things","III-Project"
"10710","EXP","TomH","0:00:00","0.00","","07/27/2013","First aid","6.125","206.006","1261.79","Do Not Bill","Amherst","Stuff used to glue fingers back on or tape wounds shut","OOO-Project"
"10711","EXP","CoreyM","0:00:00","0.00","","03/30/2013","Plants","7.125","207.007","1474.92","Billable","Andover","Things you plant in the ground","UUU-Project"
"10712","EXP","JamesR","0:00:00","0.00","","03/30/2013","Landscape Supplies","8.125","208.008","1690.07","Override","Aquinnah","Compost and other types of poop for plants",""
"10713","EXP","SamS","0:00:00","0.00","","03/31/2013","Snacks","9.125","209.009","1907.21","Billable","Arlington","Nacho chips mostly and some beef jerky","AAA-Project"
"10714","EXP","ShawnR","0:00:00","0.00","","03/31/2013","Consultants","10.125","210.01","2126.35","Billable","Ashburnham","Hiring folks to do stuff we cannot do","ASHBU-Project01"
"10715","EXP","TomH","0:00:00","0.00","","03/31/2013","Safety","11.125","211.011","2347.50","Billable","Ashby","Protection for eyes, ears, hands, etc.","ASHBY-Project02"
"10716","EXP","CoreyM","0:00:00","0.00","","03/31/2013","Hand Tools","1.125","201.001","226.13","Billable","Ashfield","Hammers, saws, etc.","EEE-Project"
"10717","EXP","JamesR","0:00:00","0.00","","03/31/2013","Power Tools","2.125","202.002","429.25","Billable","Ashland","Drills, skill saws, nail guns, etc.","III-Project"
"10718","EXP","SamS","0:00:00","0.00","","03/31/2013","Cleanup Supplies","3.125","203.003","634.38","No Charge","Athol","Trash Bags, trash bags, and more trash bags","OOO-Project"
"10719","EXP","ShawnR","0:00:00","0.00","","03/31/2013","Pavers","4.125","204.004","841.52","Billable","Attleboro","Stuff used to make a patio or walkway","UUU-Project"
"10720","EXP","TomH","0:00:00","0.00","","03/31/2013","Wood","5.125","205.005","1050.65","Override","Auburn","Stuff used to build structures and other things",""
"10721","EXP","CoreyM","0:00:00","0.00","","04/01/2013","First aid","6.125","206.006","1261.79","Do Not Bill","Avon","Stuff used to glue fingers back on or tape wounds shut","AAA-Project"
"10722","EXP","JamesR","0:00:00","0.00","","04/01/2013","Plants","7.125","207.007","1474.92","Billable","Ayer","Things you plant in the ground","AYER-Project01"
"10723","EXP","SamS","0:00:00","0.00","","04/01/2013","Landscape Supplies","8.125","208.008","1690.07","Override","Barnstable","Compost and other types of poop for plants","BARNS-Project02"
"10724","EXP","ShawnR","0:00:00","0.00","","04/01/2013","Snacks","9.125","209.009","1907.21","Billable","Barre","Nacho chips mostly and some beef jerky","EEE-Project"
"10725","EXP","TomH","0:00:00","0.00","","04/01/2013","Consultants","10.125","210.01","2126.35","Billable","Becket","Hiring folks to do stuff we cannot do","III-Project"
"10726","EXP","CoreyM","0:00:00","0.00","","04/01/2013","Safety","11.125","211.011","2347.50","Billable","Bedford","Protection for eyes, ears, hands, etc.","OOO-Project"
"10727","EXP","JamesR","0:00:00","0.00","","04/01/2013","Hand Tools","1.125","201.001","226.13","Billable","Belchertown","Hammers, saws, etc.","UUU-Project"
"10728","EXP","SamS","0:00:00","0.00","","04/01/2013","Power Tools","2.125","202.002","429.25","Billable","Bellingham","Drills, skill saws, nail guns, etc.",""
"10729","EXP","ShawnR","0:00:00","0.00","","04/02/2013","Cleanup Supplies","3.125","203.003","634.38","No Charge","Belmont","Trash Bags, trash bags, and more trash bags","AAA-Project"
"10730","EXP","TomH","0:00:00","0.00","","04/02/2013","Pavers","4.125","204.004","841.52","Billable","Berkley","Stuff used to make a patio or walkway","BERKL-Project01"
"10731","EXP","CoreyM","0:00:00","0.00","","04/02/2013","Wood","5.125","205.005","1050.65","Override","Berlin","Stuff used to build structures and other things","BERLI-Project02"
"10732","EXP","JamesR","0:00:00","0.00","","04/02/2013","First aid","6.125","206.006","1261.79","Do Not Bill","Bernardston","Stuff used to glue fingers back on or tape wounds shut","EEE-Project"
"10733","EXP","SamS","0:00:00","0.00","","04/02/2013","Plants","3.919","207.007","811.21","Billable","Beverly","Things you plant in the ground","III-Project"
"10734","EXP","ShawnR","0:00:00","0.00","","04/02/2013","Landscape Supplies","8.125","208.008","1690.07","Override","Billerica","Compost and other types of poop for plants","OOO-Project"
"10735","EXP","TomH","0:00:00","0.00","","04/02/2013","Snacks","9.125","209.009","1907.21","Billable","Blackstone","Nacho chips mostly and some beef jerky","UUU-Project"
"10736","EXP","CoreyM","0:00:00","0.00","","04/02/2013","Consultants","10.125","210.01","2126.35","Billable","Blandford","Hiring folks to do stuff we cannot do",""
"10737","EXP","JamesR","0:00:00","0.00","","04/03/2013","Safety","11.125","211.011","2347.50","Billable","Bolton","Protection for eyes, ears, hands, etc.","AAA-Project"
"10738","EXP","SamS","0:00:00","0.00","","04/03/2013","Hand Tools","1.125","201.001","226.13","Billable","Boston","Hammers, saws, etc.","BOSTO-Project01"
"10739","EXP","ShawnR","0:00:00","0.00","","04/03/2013","Power Tools","2.125","202.002","429.25","Billable","Bourne","Drills, skill saws, nail guns, etc.","BOURN-Project02"
"10740","EXP","TomH","0:00:00","0.00","","04/03/2013","Cleanup Supplies","3.125","203.003","634.38","No Charge","Boxborough","Trash Bags, trash bags, and more trash bags","EEE-Project"
"10741","EXP","CoreyM","0:00:00","0.00","","04/03/2013","Pavers","4.125","204.004","841.52","Billable","Boxford","Stuff used to make a patio or walkway","III-Project"
"10742","EXP","JamesR","0:00:00","0.00","","04/03/2013","Wood","5.125","205.005","1050.65","Override","Boylston","Stuff used to build structures and other things","OOO-Project"
"10743","EXP","SamS","0:00:00","0.00","","04/03/2013","First aid","6.125","206.006","1261.79","Do Not Bill","Braintree","Stuff used to glue fingers back on or tape wounds shut","UUU-Project"
"10744","EXP","ShawnR","0:00:00","0.00","","04/03/2013","Plants","7.125","207.007","1474.92","Billable","Brewster","Things you plant in the ground",""
"10745","EXP","TomH","0:00:00","0.00","","04/04/2013","Landscape Supplies","8.125","208.008","1690.07","Override","Bridgewater","Compost and other types of poop for plants","AAA-Project"
"10746","EXP","CoreyM","0:00:00","0.00","","04/04/2013","Snacks","9.125","209.009","1907.21","Billable","Brimfield","Nacho chips mostly and some beef jerky","BRIMF-Project01"
"10747","EXP","JamesR","0:00:00","0.00","","04/04/2013","Consultants","10.125","210.01","2126.35","Billable","Brockton","Hiring folks to do stuff we cannot do","BROCK-Project02"
"10748","EXP","SamS","0:00:00","0.00","","04/04/2013","Safety","11.125","211.011","2347.50","Billable","Brookfield","Protection for eyes, ears, hands, etc.","EEE-Project"
"10749","EXP","ShawnR","0:00:00","0.00","","04/04/2013","Hand Tools","1.125","201.001","226.13","Billable","Brookline","Hammers, saws, etc.","III-Project"
"10750","EXP","TomH","0:00:00","0.00","","04/04/2013","Power Tools","2.125","202.002","429.25","Billable","Buckland","Drills, skill saws, nail guns, etc.","OOO-Project"
"10751","EXP","CoreyM","0:00:00","0.00","","04/04/2013","Cleanup Supplies","3.125","203.003","634.38","No Charge","Burlington","Trash Bags, trash bags, and more trash bags","UUU-Project"
"10752","EXP","JamesR","0:00:00","0.00","","04/04/2013","Pavers","4.125","204.004","841.52","Billable","Cambridge","Stuff used to make a patio or walkway",""
"10753","EXP","SamS","0:00:00","0.00","","04/05/2013","Wood","5.125","205.005","1050.65","Override","Canton","Stuff used to build structures and other things","AAA-Project"
"10754","EXP","ShawnR","0:00:00","0.00","","04/05/2013","First aid","6.125","206.006","1261.79","Do Not Bill","Carlisle","Stuff used to glue fingers back on or tape wounds shut","CARLI-Project01"
"10755","EXP","TomH","0:00:00","0.00","","04/05/2013","Plants","7.125","207.007","1474.92","Billable","Carver","Things you plant in the ground","CARVE-Project02"
"10756","EXP","CoreyM","0:00:00","0.00","","04/05/2013","Landscape Supplies","8.125","208.008","1690.07","Override","Charlemont","Compost and other types of poop for plants","EEE-Project"
"10757","EXP","JamesR","0:00:00","0.00","","04/05/2013","Snacks","9.125","209.009","1907.21","Billable","Charlton","Nacho chips mostly and some beef jerky","III-Project"
"10758","EXP","SamS","0:00:00","0.00","","04/05/2013","Consultants","10.125","210.01","2126.35","Billable","Chatham","Hiring folks to do stuff we cannot do","OOO-Project"
"10759","EXP","ShawnR","0:00:00","0.00","","04/05/2013","Safety","11.125","211.011","2347.50","Billable","Chelmsford","Protection for eyes, ears, hands, etc.","UUU-Project"
"10760","EXP","TomH","0:00:00","0.00","","04/05/2013","Hand Tools","1.125","201.001","226.13","Billable","Chelsea","Hammers, saws, etc.",""
"10761","EXP","CoreyM","0:00:00","0.00","","04/06/2013","Power Tools","2.125","202.002","429.25","Billable","Cheshire","Drills, skill saws, nail guns, etc.","AAA-Project"
"10762","EXP","JamesR","0:00:00","0.00","","04/06/2013","Cleanup Supplies","3.125","203.003","634.38","No Charge","Chester","Trash Bags, trash bags, and more trash bags","CHEST-Project01"
"10763","EXP","SamS","0:00:00","0.00","","04/06/2013","Pavers","4.125","204.004","841.52","Billable","Chesterfield","Stuff used to make a patio or walkway","CHEST-Project02"
"10764","EXP","ShawnR","0:00:00","0.00","","04/06/2013","Wood","5.125","205.005","1050.65","Override","Chicopee","Stuff used to build structures and other things","EEE-Project"
"10765","EXP","TomH","0:00:00","0.00","","04/06/2013","First aid","6.125","206.006","1261.79","Do Not Bill","Chilmark","Stuff used to glue fingers back on or tape wounds shut","III-Project"
"10766","EXP","CoreyM","0:00:00","0.00","","04/06/2013","Plants","7.125","207.007","1474.92","Billable","Clarksburg","Things you plant in the ground","OOO-Project"
"10767","EXP","JamesR","0:00:00","0.00","","04/06/2013","Landscape Supplies","8.125","208.008","1690.07","Override","Clinton","Compost and other types of poop for plants","UUU-Project"
"10768","EXP","SamS","0:00:00","0.00","","04/06/2013","Snacks","9.125","209.009","1907.21","Billable","Cohasset","Nacho chips mostly and some beef jerky",""
"10769","EXP","ShawnR","0:00:00","0.00","","04/07/2013","Consultants","10.125","210.01","2126.35","Billable","Colrain","Hiring folks to do stuff we cannot do","AAA-Project"
"10770","EXP","TomH","0:00:00","0.00","","04/07/2013","Safety","11.125","211.011","2347.50","Billable","Concord","Protection for eyes, ears, hands, etc.","CONCO-Project01"
"10771","EXP","CoreyM","0:00:00","0.00","","04/07/2013","Hand Tools","1.125","201.001","226.13","Billable","Conway","Hammers, saws, etc.","CONWA-Project02"
"10772","EXP","JamesR","0:00:00","0.00","","04/07/2013","Power Tools","2.125","202.002","429.25","Billable","Cummington","Drills, skill saws, nail guns, etc.","EEE-Project"
"10773","EXP","SamS","0:00:00","0.00","","04/07/2013","Cleanup Supplies","3.125","203.003","634.38","No Charge","Dalton","Trash Bags, trash bags, and more trash bags","III-Project"
"10774","EXP","ShawnR","0:00:00","0.00","","04/07/2013","Pavers","4.125","204.004","841.52","Billable","Danvers","Stuff used to make a patio or walkway","OOO-Project"
"10775","EXP","TomH","0:00:00","0.00","","04/07/2013","Wood","5.125","205.005","1050.65","Override","Dartmouth","Stuff used to build structures and other things","UUU-Project"
"10776","EXP","CoreyM","0:00:00","0.00","","04/07/2013","First aid","6.125","206.006","1261.79","Do Not Bill","Dedham","Stuff used to glue fingers back on or tape wounds shut",""
"10777","EXP","JamesR","0:00:00","0.00","","04/08/2013","Plants","7.125","207.007","1474.92","Billable","Deerfield","Things you plant in the ground","AAA-Project"
"10778","EXP","SamS","0:00:00","0.00","","04/08/2013","Landscape Supplies","8.125","208.008","1690.07","Override","Dennis","Compost and other types of poop for plants","DENNI-Project01"
"10779","EXP","ShawnR","0:00:00","0.00","","04/08/2013","Snacks","9.125","209.009","1907.21","Billable","Dighton","Nacho chips mostly and some beef jerky","DIGHT-Project02"
"10780","EXP","TomH","0:00:00","0.00","","04/08/2013","Consultants","10.125","210.01","2126.35","Billable","Douglas","Hiring folks to do stuff we cannot do","EEE-Project"
"10781","EXP","CoreyM","0:00:00","0.00","","04/08/2013","Safety","11.125","211.011","2347.50","Billable","Dover","Protection for eyes, ears, hands, etc.","III-Project"
"10782","EXP","JamesR","0:00:00","0.00","","04/08/2013","Hand Tools","1.125","201.001","226.13","Billable","Dracut","Hammers, saws, etc.","OOO-Project"
"10783","EXP","SamS","0:00:00","0.00","","04/08/2013","Power Tools","2.125","202.002","429.25","Billable","Dudley","Drills, skill saws, nail guns, etc.","UUU-Project"
"10784","EXP","ShawnR","0:00:00","0.00","","04/08/2013","Cleanup Supplies","3.125","203.003","634.38","No Charge","Dunstable","Trash Bags, trash bags, and more trash bags",""
"10785","EXP","TomH","0:00:00","0.00","","04/09/2013","Pavers","4.125","204.004","841.52","Billable","Duxbury","Stuff used to make a patio or walkway","AAA-Project"
"10786","EXP","CoreyM","0:00:00","0.00","","04/09/2013","Wood","5.125","205.005","1050.65","Override","East.Bridgewater","Stuff used to build structures and other things","EASTB-Project01"
"10787","EXP","JamesR","0:00:00","0.00","","04/09/2013","First aid","6.125","206.006","1261.79","Do Not Bill","East.Brookfield","Stuff used to glue fingers back on or tape wounds shut","EASTB-Project02"
"10788","EXP","SamS","0:00:00","0.00","","04/09/2013","Plants","7.125","207.007","1474.92","Billable","East.Longmeadow","Things you plant in the ground","EEE-Project"
"10789","EXP","ShawnR","0:00:00","0.00","","04/09/2013","Landscape Supplies","8.125","208.008","1690.07","Override","Eastham","Compost and other types of poop for plants","III-Project"
"10790","EXP","TomH","0:00:00","0.00","","04/09/2013","Snacks","9.125","209.009","1907.21","Billable","Easthampton","Nacho chips mostly and some beef jerky","OOO-Project"
"10791","EXP","CoreyM","0:00:00","0.00","","04/09/2013","Consultants","10.125","210.01","2126.35","Billable","Easton","Hiring folks to do stuff we cannot do","UUU-Project"
"10792","EXP","JamesR","0:00:00","0.00","","04/09/2013","Safety","11.125","211.011","2347.50","Billable","Edgartown","Protection for eyes, ears, hands, etc.",""
"10793","EXP","SamS","0:00:00","0.00","","04/10/2013","Hand Tools","1.125","201.001","226.13","Billable","Egremont","Hammers, saws, etc.","AAA-Project"
"10794","EXP","ShawnR","0:00:00","0.00","","04/10/2013","Power Tools","2.125","202.002","429.25","Billable","Erving","Drills, skill saws, nail guns, etc.","EEE-Project"
"10795","EXP","TomH","0:00:00","0.00","","04/10/2013","Cleanup Supplies","3.125","203.003","634.38","No Charge","Essex","Trash Bags, trash bags, and more trash bags","ESSEX-Project01"
"10796","EXP","CoreyM","0:00:00","0.00","","04/10/2013","Pavers","4.125","204.004","841.52","Billable","Everett","Stuff used to make a patio or walkway","EVERE-Project02"
"10797","EXP","JamesR","0:00:00","0.00","","04/10/2013","Wood","5.125","205.005","1050.65","Override","Fairhaven","Stuff used to build structures and other things","III-Project"
"10798","EXP","SamS","0:00:00","0.00","","04/10/2013","First aid","6.125","206.006","1261.79","Do Not Bill","Fall River","Stuff used to glue fingers back on or tape wounds shut","OOO-Project"
"10799","EXP","ShawnR","0:00:00","0.00","","04/10/2013","Plants","7.125","207.007","1474.92","Billable","Falmouth","Things you plant in the ground","UUU-Project"
"10800","EXP","TomH","0:00:00","0.00","","04/10/2013","Landscape Supplies","8.125","208.008","1690.07","Override","Fitchburg","Compost and other types of poop for plants",""
"10801","EXP","CoreyM","0:00:00","0.00","","04/11/2013","Snacks","9.125","209.009","1907.21","Billable","Florida","Nacho chips mostly and some beef jerky","AAA-Project"
"10802","EXP","JamesR","0:00:00","0.00","","04/11/2013","Consultants","10.125","210.01","2126.35","Billable","Foxborough","Hiring folks to do stuff we cannot do","EEE-Project"
"10803","EXP","SamS","0:00:00","0.00","","04/11/2013","Safety","11.125","211.011","2347.50","Billable","Framingham","Protection for eyes, ears, hands, etc.","FRAMI-Project01"
"10804","EXP","ShawnR","0:00:00","0.00","","04/11/2013","Hand Tools","1.125","201.001","226.13","Billable","Franklin","Hammers, saws, etc.","FRANK-Project02"
"10805","EXP","TomH","0:00:00","0.00","","04/11/2013","Power Tools","2.125","202.002","429.25","Billable","Freetown","Drills, skill saws, nail guns, etc.","III-Project"
"10806","EXP","CoreyM","0:00:00","0.00","","04/11/2013","Cleanup Supplies","3.125","203.003","634.38","No Charge","Gardner","Trash Bags, trash bags, and more trash bags","OOO-Project"
"10807","EXP","JamesR","0:00:00","0.00","","04/11/2013","Pavers","4.125","204.004","841.52","Billable","Georgetown","Stuff used to make a patio or walkway","UUU-Project"
"10808","EXP","SamS","0:00:00","0.00","","04/11/2013","Wood","5.125","205.005","1050.65","Override","Gill","Stuff used to build structures and other things",""
"10809","EXP","ShawnR","0:00:00","0.00","","04/12/2013","First aid","6.125","206.006","1261.79","Do Not Bill","Gloucester","Stuff used to glue fingers back on or tape wounds shut","AAA-Project"
"10810","EXP","TomH","0:00:00","0.00","","04/12/2013","Plants","7.125","207.007","1474.92","Billable","Goshen","Things you plant in the ground","EEE-Project"
"10811","EXP","CoreyM","0:00:00","0.00","","04/12/2013","Landscape Supplies","8.125","208.008","1690.07","Override","Gosnold","Compost and other types of poop for plants","GOSNO-Project01"
"10812","EXP","JamesR","0:00:00","0.00","","04/12/2013","Snacks","9.125","209.009","1907.21","Billable","Grafton","Nacho chips mostly and some beef jerky","GRAFT-Project02"
"10813","EXP","SamS","0:00:00","0.00","","04/12/2013","Consultants","10.125","210.01","2126.35","Billable","Granby","Hiring folks to do stuff we cannot do","III-Project"
"10814","EXP","ShawnR","0:00:00","0.00","","04/12/2013","Safety","11.125","211.011","2347.50","Billable","Granville","Protection for eyes, ears, hands, etc.","OOO-Project"
"10815","EXP","TomH","0:00:00","0.00","","04/12/2013","Hand Tools","1.125","201.001","226.13","Billable","Great Barrington","Hammers, saws, etc.","UUU-Project"
"10816","EXP","CoreyM","0:00:00","0.00","","04/12/2013","Power Tools","2.125","202.002","429.25","Billable","Greenfield","Drills, skill saws, nail guns, etc.",""
"10817","EXP","JamesR","0:00:00","0.00","","04/13/2013","Cleanup Supplies","3.125","203.003","634.38","No Charge","Groton","Trash Bags, trash bags, and more trash bags","AAA-Project"
"10818","EXP","SamS","0:00:00","0.00","","04/13/2013","Pavers","4.125","204.004","841.52","Billable","Groveland","Stuff used to make a patio or walkway","EEE-Project"
"10819","EXP","ShawnR","0:00:00","0.00","","04/13/2013","Wood","5.125","205.005","1050.65","Override","Hadley","Stuff used to build structures and other things","HADLE-Project01"
"10820","EXP","TomH","0:00:00","0.00","","04/13/2013","First aid","6.125","206.006","1261.79","Do Not Bill","Halifax","Stuff used to glue fingers back on or tape wounds shut","HALIF-Project02"
"10821","EXP","CoreyM","0:00:00","0.00","","04/13/2013","Plants","7.125","207.007","1474.92","Billable","Hamilton","Things you plant in the ground","III-Project"
"10822","EXP","JamesR","0:00:00","0.00","","04/13/2013","Landscape Supplies","8.125","208.008","1690.07","Override","Hampden","Compost and other types of poop for plants","OOO-Project"
"10823","EXP","SamS","0:00:00","0.00","","04/13/2013","Snacks","9.125","209.009","1907.21","Billable","Hancock","Nacho chips mostly and some beef jerky","UUU-Project"
"10824","EXP","ShawnR","0:00:00","0.00","","04/13/2013","Consultants","10.125","210.01","2126.35","Billable","Hanover","Hiring folks to do stuff we cannot do",""
"10825","EXP","TomH","0:00:00","0.00","","04/14/2013","Safety","11.125","211.011","2347.50","Billable","Hanson","Protection for eyes, ears, hands, etc.","AAA-Project"
"10826","EXP","CoreyM","0:00:00","0.00","","04/14/2013","Hand Tools","1.125","201.001","226.13","Billable","Hardwick","Hammers, saws, etc.","EEE-Project"
"10827","EXP","JamesR","0:00:00","0.00","","04/14/2013","Power Tools","2.125","202.002","429.25","Billable","Harvard","Drills, skill saws, nail guns, etc.","HARVA-Project01"
"10828","EXP","SamS","0:00:00","0.00","","04/14/2013","Cleanup Supplies","3.125","203.003","634.38","No Charge","Harwich","Trash Bags, trash bags, and more trash bags","HARWI-Project02"
"10829","EXP","ShawnR","0:00:00","0.00","","04/14/2013","Pavers","4.125","204.004","841.52","Billable","Hatfield","Stuff used to make a patio or walkway","III-Project"
"10830","EXP","TomH","0:00:00","0.00","","04/14/2013","Wood","5.125","205.005","1050.65","Override","Haverhill","Stuff used to build structures and other things","OOO-Project"
"10831","EXP","CoreyM","0:00:00","0.00","","04/14/2013","First aid","6.125","206.006","1261.79","Do Not Bill","Hawley","Stuff used to glue fingers back on or tape wounds shut","UUU-Project"
"10832","EXP","JamesR","0:00:00","0.00","","04/14/2013","Plants","7.125","207.007","1474.92","Billable","Heath","Things you plant in the ground",""
"10833","EXP","SamS","0:00:00","0.00","","04/15/2013","Landscape Supplies","8.125","208.008","1690.07","Override","Hingham","Compost and other types of poop for plants","AAA-Project"
"10834","EXP","ShawnR","0:00:00","0.00","","04/15/2013","Snacks","9.125","209.009","1907.21","Billable","Hinsdale","Nacho chips mostly and some beef jerky","EEE-Project"
"10835","EXP","TomH","0:00:00","0.00","","04/15/2013","Consultants","10.125","210.01","2126.35","Billable","Holbrook","Hiring folks to do stuff we cannot do","HOLBR-Project01"
"10836","EXP","CoreyM","0:00:00","0.00","","04/15/2013","Safety","11.125","211.011","2347.50","Billable","Holden","Protection for eyes, ears, hands, etc.","HOLDE-Project02"
"10837","EXP","JamesR","0:00:00","0.00","","04/15/2013","Hand Tools","1.125","201.001","226.13","Billable","Holland","Hammers, saws, etc.","III-Project"
"10838","EXP","SamS","0:00:00","0.00","","04/15/2013","Power Tools","2.125","202.002","429.25","Billable","Holliston","Drills, skill saws, nail guns, etc.","OOO-Project"
"10839","EXP","ShawnR","0:00:00","0.00","","04/15/2013","Cleanup Supplies","3.125","203.003","634.38","No Charge","Holyoke","Trash Bags, trash bags, and more trash bags","UUU-Project"
"10840","EXP","TomH","0:00:00","0.00","","04/15/2013","Pavers","4.125","204.004","841.52","Billable","Hopedale","Stuff used to make a patio or walkway",""
"10841","EXP","CoreyM","0:00:00","0.00","","04/16/2013","Wood","5.125","205.005","1050.65","Override","Hopkinton","Stuff used to build structures and other things","AAA-Project"
"10842","EXP","JamesR","0:00:00","0.00","","04/16/2013","First aid","6.125","206.006","1261.79","Do Not Bill","Hubbardston","Stuff used to glue fingers back on or tape wounds shut","EEE-Project"
"10843","EXP","SamS","0:00:00","0.00","","04/16/2013","Plants","7.125","207.007","1474.92","Billable","Hudson","Things you plant in the ground","HUDSO-Project01"
"10844","EXP","ShawnR","0:00:00","0.00","","04/16/2013","Landscape Supplies","8.125","208.008","1690.07","Override","Hull","Compost and other types of poop for plants","HULL-Project02"
"10845","EXP","TomH","0:00:00","0.00","","04/16/2013","Snacks","9.125","209.009","1907.21","Billable","Huntington","Nacho chips mostly and some beef jerky","III-Project"
"10846","EXP","CoreyM","0:00:00","0.00","","04/16/2013","Consultants","10.125","210.01","2126.35","Billable","Ipswich","Hiring folks to do stuff we cannot do","OOO-Project"
"10847","EXP","JamesR","0:00:00","0.00","","04/16/2013","Safety","11.125","211.011","2347.50","Billable","Kingston","Protection for eyes, ears, hands, etc.","UUU-Project"
"10848","EXP","SamS","0:00:00","0.00","","04/16/2013","Hand Tools","1.125","201.001","226.13","Billable","Lakeville","Hammers, saws, etc.",""
"10849","EXP","ShawnR","0:00:00","0.00","","04/17/2013","Power Tools","2.125","202.002","429.25","Billable","Lancaster","Drills, skill saws, nail guns, etc.","AAA-Project"
"10850","EXP","TomH","0:00:00","0.00","","04/17/2013","Cleanup Supplies","3.125","203.003","634.38","No Charge","Lanesborough","Trash Bags, trash bags, and more trash bags","EEE-Project"
"10851","EXP","CoreyM","0:00:00","0.00","","04/17/2013","Pavers","4.125","204.004","841.52","Billable","Lawrence","Stuff used to make a patio or walkway","III-Project"
"10852","EXP","JamesR","0:00:00","0.00","","04/17/2013","Wood","5.125","205.005","1050.65","Override","Lee","Stuff used to build structures and other things","LEE-Project01"
"10853","EXP","SamS","0:00:00","0.00","","04/17/2013","First aid","6.125","206.006","1261.79","Do Not Bill","Leicester","Stuff used to glue fingers back on or tape wounds shut","LEICE-Project02"
"10854","EXP","ShawnR","0:00:00","0.00","","04/17/2013","Plants","7.125","207.007","1474.92","Billable","Lenox","Things you plant in the ground","OOO-Project"
"10855","EXP","TomH","0:00:00","0.00","","04/17/2013","Landscape Supplies","8.125","208.008","1690.07","Override","Leominster","Compost and other types of poop for plants","UUU-Project"
"10856","EXP","CoreyM","0:00:00","0.00","","04/17/2013","Snacks","9.125","209.009","1907.21","Billable","Leverett","Nacho chips mostly and some beef jerky",""
"10857","EXP","JamesR","0:00:00","0.00","","04/18/2013","Consultants","10.125","210.01","2126.35","Billable","Lexington","Hiring folks to do stuff we cannot do","AAA-Project"
"10858","EXP","SamS","0:00:00","0.00","","04/18/2013","Safety","11.125","211.011","2347.50","Billable","Leyden","Protection for eyes, ears, hands, etc.","EEE-Project"
"10859","EXP","ShawnR","0:00:00","0.00","","04/18/2013","Hand Tools","1.125","201.001","226.13","Billable","Lincoln","Hammers, saws, etc.","III-Project"
"10860","EXP","TomH","0:00:00","0.00","","04/18/2013","Power Tools","2.125","202.002","429.25","Billable","Littleton","Drills, skill saws, nail guns, etc.","LITTL-Project01"
"10861","EXP","CoreyM","0:00:00","0.00","","04/18/2013","Cleanup Supplies","3.125","203.003","634.38","No Charge","Longmeadow","Trash Bags, trash bags, and more trash bags","LONGM-Project02"
"10862","EXP","JamesR","0:00:00","0.00","","04/18/2013","Pavers","4.125","204.004","841.52","Billable","Lowell","Stuff used to make a patio or walkway","OOO-Project"
"10863","EXP","SamS","0:00:00","0.00","","04/18/2013","Wood","5.125","205.005","1050.65","Override","Ludlow","Stuff used to build structures and other things","UUU-Project"
"10864","EXP","ShawnR","0:00:00","0.00","","04/18/2013","First aid","6.125","206.006","1261.79","Do Not Bill","Lunenburg","Stuff used to glue fingers back on or tape wounds shut",""
"10865","EXP","TomH","0:00:00","0.00","","04/19/2013","Plants","7.125","207.007","1474.92","Billable","Lynn","Things you plant in the ground","AAA-Project"
"10866","EXP","CoreyM","0:00:00","0.00","","04/19/2013","Landscape Supplies","8.125","208.008","1690.07","Override","Lynnfield","Compost and other types of poop for plants","EEE-Project"
"10867","EXP","JamesR","0:00:00","0.00","","04/19/2013","Snacks","9.125","209.009","1907.21","Billable","Malden","Nacho chips mostly and some beef jerky","III-Project"
"10868","EXP","SamS","0:00:00","0.00","","04/19/2013","Consultants","10.125","210.01","2126.35","Billable","Manchester-by-the-Sea","Hiring folks to do stuff we cannot do","MANCH-Project01"
"10869","EXP","ShawnR","0:00:00","0.00","","04/19/2013","Safety","11.125","211.011","2347.50","Billable","Mansfield","Protection for eyes, ears, hands, etc.","MANSF-Project02"
"10870","EXP","TomH","0:00:00","0.00","","04/19/2013","Hand Tools","1.125","201.001","226.13","Billable","Marblehead","Hammers, saws, etc.","OOO-Project"
"10871","EXP","CoreyM","0:00:00","0.00","","04/19/2013","Power Tools","2.125","202.002","429.25","Billable","Marion","Drills, skill saws, nail guns, etc.","UUU-Project"
"10872","EXP","JamesR","0:00:00","0.00","","04/19/2013","Cleanup Supplies","3.125","203.003","634.38","No Charge","Marlborough","Trash Bags, trash bags, and more trash bags",""
"10873","EXP","SamS","0:00:00","0.00","","04/20/2013","Pavers","4.125","204.004","841.52","Billable","Marshfield","Stuff used to make a patio or walkway","AAA-Project"
"10874","EXP","ShawnR","0:00:00","0.00","","04/20/2013","Wood","5.125","205.005","1050.65","Override","Mashpee","Stuff used to build structures and other things","EEE-Project"
"10875","EXP","TomH","0:00:00","0.00","","04/20/2013","First aid","6.125","206.006","1261.79","Do Not Bill","Mattapoisett","Stuff used to glue fingers back on or tape wounds shut","III-Project"
"10876","EXP","CoreyM","0:00:00","0.00","","04/20/2013","Plants","7.125","207.007","1474.92","Billable","Maynard","Things you plant in the ground","MAYNA-Project01"
"10877","EXP","JamesR","0:00:00","0.00","","04/20/2013","Landscape Supplies","8.125","208.008","1690.07","Override","Medfield","Compost and other types of poop for plants","MEDFI-Project02"
"10878","EXP","SamS","0:00:00","0.00","","04/20/2013","Snacks","9.125","209.009","1907.21","Billable","Medford","Nacho chips mostly and some beef jerky","OOO-Project"
"10879","EXP","ShawnR","0:00:00","0.00","","04/20/2013","Consultants","10.125","210.01","2126.35","Billable","Medway","Hiring folks to do stuff we cannot do","UUU-Project"
"10880","EXP","TomH","0:00:00","0.00","","04/20/2013","Safety","11.125","211.011","2347.50","Billable","Melrose","Protection for eyes, ears, hands, etc.",""
"10881","EXP","CoreyM","0:00:00","0.00","","04/21/2013","Hand Tools","1.125","201.001","226.13","Billable","Mendon","Hammers, saws, etc.","AAA-Project"
"10882","EXP","JamesR","0:00:00","0.00","","04/21/2013","Power Tools","2.125","202.002","429.25","Billable","Merrimac","Drills, skill saws, nail guns, etc.","EEE-Project"
"10883","EXP","SamS","0:00:00","0.00","","04/21/2013","Cleanup Supplies","3.125","203.003","634.38","No Charge","Methuen","Trash Bags, trash bags, and more trash bags","III-Project"
"10884","EXP","ShawnR","0:00:00","0.00","","04/21/2013","Pavers","4.125","204.004","841.52","Billable","Middleborough","Stuff used to make a patio or walkway","MIDDL-Project01"
"10885","EXP","TomH","0:00:00","0.00","","04/21/2013","Wood","5.125","205.005","1050.65","Override","Middlefield","Stuff used to build structures and other things","MIDDL-Project02"
"10886","EXP","CoreyM","0:00:00","0.00","","04/21/2013","First aid","6.125","206.006","1261.79","Do Not Bill","Middleton","Stuff used to glue fingers back on or tape wounds shut","OOO-Project"
"10887","EXP","JamesR","0:00:00","0.00","","04/21/2013","Plants","7.125","207.007","1474.92","Billable","Milford","Things you plant in the ground","UUU-Project"
"10888","EXP","SamS","0:00:00","0.00","","04/21/2013","Landscape Supplies","8.125","208.008","1690.07","Override","Millbury","Compost and other types of poop for plants",""
"10889","EXP","ShawnR","0:00:00","0.00","","04/22/2013","Snacks","9.125","209.009","1907.21","Billable","Millis","Nacho chips mostly and some beef jerky","AAA-Project"
"10890","EXP","TomH","0:00:00","0.00","","04/22/2013","Consultants","10.125","210.01","2126.35","Billable","Millville","Hiring folks to do stuff we cannot do","EEE-Project"
"10891","EXP","CoreyM","0:00:00","0.00","","04/22/2013","Safety","11.125","211.011","2347.50","Billable","Milton","Protection for eyes, ears, hands, etc.","III-Project"
"10892","EXP","JamesR","0:00:00","0.00","","04/22/2013","Hand Tools","1.125","201.001","226.13","Billable","Monroe","Hammers, saws, etc.","MONRO-Project01"
"10893","EXP","SamS","0:00:00","0.00","","04/22/2013","Power Tools","2.125","202.002","429.25","Billable","Monson","Drills, skill saws, nail guns, etc.","MONSO-Project02"
"10894","EXP","ShawnR","0:00:00","0.00","","04/22/2013","Cleanup Supplies","3.125","203.003","634.38","No Charge","Montague","Trash Bags, trash bags, and more trash bags","OOO-Project"
"10895","EXP","TomH","0:00:00","0.00","","04/22/2013","Pavers","4.125","204.004","841.52","Billable","Monterey","Stuff used to make a patio or walkway","UUU-Project"
"10896","EXP","CoreyM","0:00:00","0.00","","04/22/2013","Wood","5.125","205.005","1050.65","Override","Montgomery","Stuff used to build structures and other things",""
"10897","EXP","JamesR","0:00:00","0.00","","04/23/2013","First aid","6.125","206.006","1261.79","Do Not Bill","Mount Washington","Stuff used to glue fingers back on or tape wounds shut","AAA-Project"
"10898","EXP","SamS","0:00:00","0.00","","04/23/2013","Plants","7.125","207.007","1474.92","Billable","Nahant","Things you plant in the ground","EEE-Project"
"10899","EXP","ShawnR","0:00:00","0.00","","04/23/2013","Landscape Supplies","8.125","208.008","1690.07","Override","Nantucket","Compost and other types of poop for plants","III-Project"
"10900","EXP","TomH","0:00:00","0.00","","04/23/2013","Snacks","9.125","209.009","1907.21","Billable","Natick","Nacho chips mostly and some beef jerky","NATIC-Project01"
"10901","EXP","CoreyM","0:00:00","0.00","","04/23/2013","Consultants","10.125","210.01","2126.35","Billable","Needham","Hiring folks to do stuff we cannot do","NEEDH-Project02"
"10902","EXP","JamesR","0:00:00","0.00","","04/23/2013","Safety","11.125","211.011","2347.50","Billable","New Ashford","Protection for eyes, ears, hands, etc.","OOO-Project"
"10903","EXP","SamS","0:00:00","0.00","","04/23/2013","Hand Tools","1.125","201.001","226.13","Billable","New Bedford","Hammers, saws, etc.","UUU-Project"
"10904","EXP","ShawnR","0:00:00","0.00","","04/23/2013","Power Tools","2.125","202.002","429.25","Billable","New Braintree","Drills, skill saws, nail guns, etc.",""
"10905","EXP","TomH","0:00:00","0.00","","04/24/2013","Cleanup Supplies","3.125","203.003","634.38","No Charge","New Marlborough","Trash Bags, trash bags, and more trash bags","AAA-Project"
"10906","EXP","CoreyM","0:00:00","0.00","","04/24/2013","Pavers","4.125","204.004","841.52","Billable","New Salem","Stuff used to make a patio or walkway","EEE-Project"
"10907","EXP","JamesR","0:00:00","0.00","","04/24/2013","Wood","5.125","205.005","1050.65","Override","Newbury","Stuff used to build structures and other things","III-Project"
"10908","EXP","SamS","0:00:00","0.00","","04/24/2013","First aid","6.125","206.006","1261.79","Do Not Bill","Newburyport","Stuff used to glue fingers back on or tape wounds shut","NEWBU-Project01"
"10909","EXP","ShawnR","0:00:00","0.00","","04/24/2013","Plants","7.125","207.007","1474.92","Billable","Newton","Things you plant in the ground","NEWTO-Project02"
"10910","EXP","TomH","0:00:00","0.00","","04/24/2013","Landscape Supplies","8.125","208.008","1690.07","Override","Norfolk","Compost and other types of poop for plants","OOO-Project"
"10911","EXP","CoreyM","0:00:00","0.00","","04/24/2013","Snacks","9.125","209.009","1907.21","Billable","North.Adams","Nacho chips mostly and some beef jerky","UUU-Project"
"10912","EXP","JamesR","0:00:00","0.00","","04/24/2013","Consultants","10.125","210.01","2126.35","Billable","North.Andover","Hiring folks to do stuff we cannot do",""
"10913","EXP","SamS","0:00:00","0.00","","04/25/2013","Safety","11.125","211.011","2347.50","Billable","North.Attleborough","Protection for eyes, ears, hands, etc.","AAA-Project"
"10914","EXP","ShawnR","0:00:00","0.00","","04/25/2013","Hand Tools","1.125","201.001","226.13","Billable","North.Brookfield","Hammers, saws, etc.","EEE-Project"
"10915","EXP","TomH","0:00:00","0.00","","04/25/2013","Power Tools","2.125","202.002","429.25","Billable","North.Reading","Drills, skill saws, nail guns, etc.","III-Project"
"10916","EXP","CoreyM","0:00:00","0.00","","04/25/2013","Cleanup Supplies","3.125","203.003","634.38","No Charge","Northampton","Trash Bags, trash bags, and more trash bags","NORTH-Project01"
"10917","EXP","JamesR","0:00:00","0.00","","04/25/2013","Pavers","4.125","204.004","841.52","Billable","Northborough","Stuff used to make a patio or walkway","NORTH-Project02"
"10918","EXP","SamS","0:00:00","0.00","","04/25/2013","Wood","5.125","205.005","1050.65","Override","Northbridge","Stuff used to build structures and other things","OOO-Project"
"10919","EXP","ShawnR","0:00:00","0.00","","04/25/2013","First aid","6.125","206.006","1261.79","Do Not Bill","Northfield","Stuff used to glue fingers back on or tape wounds shut","UUU-Project"
"10920","EXP","TomH","0:00:00","0.00","","04/25/2013","Plants","7.125","207.007","1474.92","Billable","Norton","Things you plant in the ground",""
"10921","EXP","CoreyM","0:00:00","0.00","","04/26/2013","Landscape Supplies","8.125","208.008","1690.07","Override","Norwell","Compost and other types of poop for plants","AAA-Project"
"10922","EXP","JamesR","0:00:00","0.00","","04/26/2013","Snacks","9.125","209.009","1907.21","Billable","Norwood","Nacho chips mostly and some beef jerky","EEE-Project"
"10923","EXP","SamS","0:00:00","0.00","","04/26/2013","Consultants","10.125","210.01","2126.35","Billable","Oak Bluffs","Hiring folks to do stuff we cannot do","III-Project"
"10924","EXP","ShawnR","0:00:00","0.00","","04/26/2013","Safety","11.125","211.011","2347.50","Billable","Oakham","Protection for eyes, ears, hands, etc.","OAKHA-Project01"
"10925","EXP","TomH","0:00:00","0.00","","04/26/2013","Hand Tools","1.125","201.001","226.13","Billable","Orange","Hammers, saws, etc.","ORANG-Project01"
"10926","EXP","CoreyM","0:00:00","0.00","","04/26/2013","Power Tools","2.125","202.002","429.25","Billable","Orleans","Drills, skill saws, nail guns, etc.","ORLEA-Project02"
"10927","EXP","JamesR","0:00:00","0.00","","04/26/2013","Cleanup Supplies","3.125","203.003","634.38","No Charge","Otis","Trash Bags, trash bags, and more trash bags","UUU-Project"
"10928","EXP","SamS","0:00:00","0.00","","04/26/2013","Pavers","4.125","204.004","841.52","Billable","Oxford","Stuff used to make a patio or walkway",""
"10929","EXP","ShawnR","0:00:00","0.00","","04/27/2013","Wood","5.125","205.005","1050.65","Override","Palmer","Stuff used to build structures and other things","AAA-Project"
"10930","EXP","TomH","0:00:00","0.00","","04/27/2013","First aid","6.125","206.006","1261.79","Do Not Bill","Paxton","Stuff used to glue fingers back on or tape wounds shut","EEE-Project"
"10931","EXP","CoreyM","0:00:00","0.00","","04/27/2013","Plants","7.125","207.007","1474.92","Billable","Peabody","Things you plant in the ground","III-Project"
"10932","EXP","JamesR","0:00:00","0.00","","04/27/2013","Landscape Supplies","8.125","208.008","1690.07","Override","Pelham","Compost and other types of poop for plants","OOO-Project"
"10933","EXP","SamS","0:00:00","0.00","","04/27/2013","Snacks","9.125","209.009","1907.21","Billable","Pembroke","Nacho chips mostly and some beef jerky","PEMBR-Project01"
"10934","EXP","ShawnR","0:00:00","0.00","","04/27/2013","Consultants","10.125","210.01","2126.35","Billable","Pepperell","Hiring folks to do stuff we cannot do","PEPPE-Project02"
"10935","EXP","TomH","0:00:00","0.00","","04/27/2013","Safety","11.125","211.011","2347.50","Billable","Peru","Protection for eyes, ears, hands, etc.","UUU-Project"
"10936","EXP","CoreyM","0:00:00","0.00","","04/27/2013","Hand Tools","1.125","201.001","226.13","Billable","Petersham","Hammers, saws, etc.",""
"10937","EXP","JamesR","0:00:00","0.00","","04/28/2013","Power Tools","2.125","202.002","429.25","Billable","Phillipston","Drills, skill saws, nail guns, etc.","AAA-Project"
"10938","EXP","SamS","0:00:00","0.00","","04/28/2013","Cleanup Supplies","3.125","203.003","634.38","No Charge","Pittsfield","Trash Bags, trash bags, and more trash bags","EEE-Project"
"10939","EXP","ShawnR","0:00:00","0.00","","04/28/2013","Pavers","4.125","204.004","841.52","Billable","Plainfield","Stuff used to make a patio or walkway","III-Project"
"10940","EXP","TomH","0:00:00","0.00","","04/28/2013","Wood","5.125","205.005","1050.65","Override","Plainville","Stuff used to build structures and other things","OOO-Project"
"10941","EXP","CoreyM","0:00:00","0.00","","04/28/2013","First aid","6.125","206.006","1261.79","Do Not Bill","Plymouth","Stuff used to glue fingers back on or tape wounds shut","PLYMO-Project01"
"10942","EXP","JamesR","0:00:00","0.00","","04/28/2013","Plants","7.125","207.007","1474.92","Billable","Plympton","Things you plant in the ground","PLYMP-Project02"
"10943","EXP","SamS","0:00:00","0.00","","04/28/2013","Landscape Supplies","8.125","208.008","1690.07","Override","Princeton","Compost and other types of poop for plants","UUU-Project"
"10944","EXP","ShawnR","0:00:00","0.00","","04/28/2013","Snacks","9.125","209.009","1907.21","Billable","Provincetown","Nacho chips mostly and some beef jerky",""
"10945","EXP","TomH","0:00:00","0.00","","04/29/2013","Consultants","10.125","210.01","2126.35","Billable","Quincy","Hiring folks to do stuff we cannot do","AAA-Project"
"10946","EXP","CoreyM","0:00:00","0.00","","04/29/2013","Safety","11.125","211.011","2347.50","Billable","Randolph","Protection for eyes, ears, hands, etc.","EEE-Project"
"10947","EXP","JamesR","0:00:00","0.00","","04/29/2013","Hand Tools","1.125","201.001","226.13","Billable","Raynham","Hammers, saws, etc.","III-Project"
"10948","EXP","SamS","0:00:00","0.00","","04/29/2013","Power Tools","2.125","202.002","429.25","Billable","Reading","Drills, skill saws, nail guns, etc.","OOO-Project"
"10949","EXP","ShawnR","0:00:00","0.00","","04/29/2013","Cleanup Supplies","3.125","203.003","634.38","No Charge","Rehoboth","Trash Bags, trash bags, and more trash bags","REHOB-Project01"
"10950","EXP","TomH","0:00:00","0.00","","04/29/2013","Pavers","4.125","204.004","841.52","Billable","Revere","Stuff used to make a patio or walkway","REVER-Project02"
"10951","EXP","CoreyM","0:00:00","0.00","","04/29/2013","Wood","5.125","205.005","1050.65","Override","Richmond","Stuff used to build structures and other things","UUU-Project"
"10952","EXP","JamesR","0:00:00","0.00","","04/29/2013","First aid","6.125","206.006","1261.79","Do Not Bill","Rochester","Stuff used to glue fingers back on or tape wounds shut",""
"10953","EXP","SamS","0:00:00","0.00","","04/30/2013","Plants","7.125","207.007","1474.92","Billable","Rockland","Things you plant in the ground","AAA-Project"
"10954","EXP","ShawnR","0:00:00","0.00","","04/30/2013","Landscape Supplies","8.125","208.008","1690.07","Override","Rockport","Compost and other types of poop for plants","EEE-Project"
"10955","EXP","TomH","0:00:00","0.00","","04/30/2013","Snacks","9.125","209.009","1907.21","Billable","Rowe","Nacho chips mostly and some beef jerky","III-Project"
"10956","EXP","CoreyM","0:00:00","0.00","","04/30/2013","Consultants","10.125","210.01","2126.35","Billable","Rowley","Hiring folks to do stuff we cannot do","OOO-Project"
"10957","EXP","JamesR","0:00:00","0.00","","04/30/2013","Safety","11.125","211.011","2347.50","Billable","Royalston","Protection for eyes, ears, hands, etc.","ROYAL-Project01"
"10958","EXP","SamS","0:00:00","0.00","","04/30/2013","Hand Tools","1.125","201.001","226.13","Billable","Russell","Hammers, saws, etc.","RUSSE-Project02"
"10959","EXP","ShawnR","0:00:00","0.00","","04/30/2013","Power Tools","2.125","202.002","429.25","Billable","Rutland","Drills, skill saws, nail guns, etc.","UUU-Project"
"10960","EXP","TomH","0:00:00","0.00","","04/30/2013","Cleanup Supplies","3.125","203.003","634.38","No Charge","Salem","Trash Bags, trash bags, and more trash bags",""
"10961","EXP","CoreyM","0:00:00","0.00","","05/01/2013","Pavers","4.125","204.004","841.52","Billable","Salisbury","Stuff used to make a patio or walkway","AAA-Project"
"10962","EXP","JamesR","0:00:00","0.00","","05/01/2013","Wood","5.125","205.005","1050.65","Override","Sandisfield","Stuff used to build structures and other things","EEE-Project"
"10963","EXP","SamS","0:00:00","0.00","","05/01/2013","First aid","6.125","206.006","1261.79","Do Not Bill","Sandwich","Stuff used to glue fingers back on or tape wounds shut","III-Project"
"10964","EXP","ShawnR","0:00:00","0.00","","05/01/2013","Plants","7.125","207.007","1474.92","Billable","Saugus","Things you plant in the ground","OOO-Project"
"10965","EXP","TomH","0:00:00","0.00","","05/01/2013","Landscape Supplies","8.125","208.008","1690.07","Override","Savoy","Compost and other types of poop for plants","SAVOY-Project01"
"10966","EXP","CoreyM","0:00:00","0.00","","05/01/2013","Snacks","9.125","209.009","1907.21","Billable","Scituate","Nacho chips mostly and some beef jerky","SCITU-Project02"
"10967","EXP","JamesR","0:00:00","0.00","","05/01/2013","Consultants","10.125","210.01","2126.35","Billable","Seekonk","Hiring folks to do stuff we cannot do","UUU-Project"
"10968","EXP","SamS","0:00:00","0.00","","05/01/2013","Safety","11.125","211.011","2347.50","Billable","Sharon","Protection for eyes, ears, hands, etc.",""
"10969","EXP","ShawnR","0:00:00","0.00","","05/02/2013","Hand Tools","1.125","201.001","226.13","Billable","Sheffield","Hammers, saws, etc.","AAA-Project"
"10970","EXP","TomH","0:00:00","0.00","","05/02/2013","Power Tools","2.125","202.002","429.25","Billable","Shelburne","Drills, skill saws, nail guns, etc.","EEE-Project"
"10971","EXP","CoreyM","0:00:00","0.00","","05/02/2013","Cleanup Supplies","3.125","203.003","634.38","No Charge","Sherborn","Trash Bags, trash bags, and more trash bags","III-Project"
"10972","EXP","JamesR","0:00:00","0.00","","05/02/2013","Pavers","4.125","204.004","841.52","Billable","Shirley","Stuff used to make a patio or walkway","OOO-Project"
"10973","EXP","SamS","0:00:00","0.00","","05/02/2013","Wood","5.125","205.005","1050.65","Override","Shrewsbury","Stuff used to build structures and other things","SHREW-Project01"
"10974","EXP","ShawnR","0:00:00","0.00","","05/02/2013","First aid","6.125","206.006","1261.79","Do Not Bill","Shutesbury","Stuff used to glue fingers back on or tape wounds shut","SHUTE-Project02"
"10975","EXP","TomH","0:00:00","0.00","","05/02/2013","Plants","7.125","207.007","1474.92","Billable","Somerset","Things you plant in the ground","UUU-Project"
"10976","EXP","CoreyM","0:00:00","0.00","","05/02/2013","Landscape Supplies","8.125","208.008","1690.07","Override","Somerville","Compost and other types of poop for plants",""
"10977","EXP","JamesR","0:00:00","0.00","","05/03/2013","Snacks","9.125","209.009","1907.21","Billable","South.Hadley","Nacho chips mostly and some beef jerky","AAA-Project"
"10978","EXP","SamS","0:00:00","0.00","","05/03/2013","Consultants","10.125","210.01","2126.35","Billable","Southampton","Hiring folks to do stuff we cannot do","EEE-Project"
"10979","EXP","ShawnR","0:00:00","0.00","","05/03/2013","Safety","11.125","211.011","2347.50","Billable","Southborough","Protection for eyes, ears, hands, etc.","III-Project"
"10980","EXP","TomH","0:00:00","0.00","","05/03/2013","Hand Tools","1.125","201.001","226.13","Billable","Southbridge","Hammers, saws, etc.","OOO-Project"
"10981","EXP","CoreyM","0:00:00","0.00","","05/03/2013","Power Tools","2.125","202.002","429.25","Billable","Southwick","Drills, skill saws, nail guns, etc.","SOUTH-Project01"
"10982","EXP","JamesR","0:00:00","0.00","","05/03/2013","Cleanup Supplies","3.125","203.003","634.38","No Charge","Spencer","Trash Bags, trash bags, and more trash bags","SPENC-Project02"
"10983","EXP","SamS","0:00:00","0.00","","05/03/2013","Pavers","4.125","204.004","841.52","Billable","Springfield","Stuff used to make a patio or walkway","UUU-Project"
"10984","EXP","ShawnR","0:00:00","0.00","","05/03/2013","Wood","5.125","205.005","1050.65","Override","Sterling","Stuff used to build structures and other things",""
"10985","EXP","TomH","0:00:00","0.00","","05/04/2013","First aid","6.125","206.006","1261.79","Do Not Bill","Stockbridge","Stuff used to glue fingers back on or tape wounds shut","AAA-Project"
"10986","EXP","CoreyM","0:00:00","0.00","","05/04/2013","Plants","7.125","207.007","1474.92","Billable","Stoneham","Things you plant in the ground","EEE-Project"
"10987","EXP","JamesR","0:00:00","0.00","","05/04/2013","Landscape Supplies","8.125","208.008","1690.07","Override","Stoughton","Compost and other types of poop for plants","III-Project"
"10988","EXP","SamS","0:00:00","0.00","","05/04/2013","Snacks","9.125","209.009","1907.21","Billable","Stow","Nacho chips mostly and some beef jerky","OOO-Project"
"10989","EXP","ShawnR","0:00:00","0.00","","05/04/2013","Consultants","10.125","210.01","2126.35","Billable","Sturbridge","Hiring folks to do stuff we cannot do","STURB-Project01"
"10990","EXP","TomH","0:00:00","0.00","","05/04/2013","Safety","11.125","211.011","2347.50","Billable","Sudbury","Protection for eyes, ears, hands, etc.","SUDBU-Project02"
"10991","EXP","CoreyM","0:00:00","0.00","","05/04/2013","Hand Tools","1.125","201.001","226.13","Billable","Sunderland","Hammers, saws, etc.","UUU-Project"
"10992","EXP","JamesR","0:00:00","0.00","","05/04/2013","Power Tools","2.125","202.002","429.25","Billable","Sutton","Drills, skill saws, nail guns, etc.",""
"10993","EXP","SamS","0:00:00","0.00","","05/05/2013","Cleanup Supplies","3.125","203.003","634.38","No Charge","Swampscott","Trash Bags, trash bags, and more trash bags","AAA-Project"
"10994","EXP","ShawnR","0:00:00","0.00","","05/05/2013","Pavers","4.125","204.004","841.52","Billable","Swansea","Stuff used to make a patio or walkway","EEE-Project"
"10995","EXP","TomH","0:00:00","0.00","","05/05/2013","Wood","5.125","205.005","1050.65","Override","Taunton","Stuff used to build structures and other things","III-Project"
"10996","EXP","CoreyM","0:00:00","0.00","","05/05/2013","First aid","6.125","206.006","1261.79","Do Not Bill","Templeton","Stuff used to glue fingers back on or tape wounds shut","OOO-Project"
"10997","EXP","JamesR","0:00:00","0.00","","05/05/2013","Plants","7.125","207.007","1474.92","Billable","Tewksbury","Things you plant in the ground","TEWKS-Project01"
"10998","EXP","SamS","0:00:00","0.00","","05/05/2013","Landscape Supplies","8.125","208.008","1690.07","Override","Tisbury","Compost and other types of poop for plants","TISBU-Project02"
"10999","EXP","ShawnR","0:00:00","0.00","","05/05/2013","Snacks","9.125","209.009","1907.21","Billable","Tolland","Nacho chips mostly and some beef jerky","UUU-Project"
"11000","EXP","TomH","0:00:00","0.00","","05/05/2013","Consultants","10.125","210.01","2126.35","Billable","Topsfield","Hiring folks to do stuff we cannot do",""
"11001","EXP","CoreyM","0:00:00","0.00","","05/06/2013","Safety","11.125","211.011","2347.50","Billable","Townsend","Protection for eyes, ears, hands, etc.","AAA-Project"
"11002","EXP","JamesR","0:00:00","0.00","","05/06/2013","Hand Tools","1.125","201.001","226.13","Billable","Truro","Hammers, saws, etc.","EEE-Project"
"11003","EXP","SamS","0:00:00","0.00","","05/06/2013","Power Tools","2.125","202.002","429.25","Billable","Tyngsborough","Drills, skill saws, nail guns, etc.","III-Project"
"11004","EXP","ShawnR","0:00:00","0.00","","05/06/2013","Cleanup Supplies","3.125","203.003","634.38","No Charge","Tyringham","Trash Bags, trash bags, and more trash bags","OOO-Project"
"11005","EXP","TomH","0:00:00","0.00","","05/06/2013","Pavers","4.125","204.004","841.52","Billable","Upton","Stuff used to make a patio or walkway","UPTON-Project01"
"11006","EXP","CoreyM","0:00:00","0.00","","05/06/2013","Wood","5.125","205.005","1050.65","Override","Uxbridge","Stuff used to build structures and other things","UXBRI-Project01"
"11007","EXP","JamesR","0:00:00","0.00","","05/06/2013","First aid","6.125","206.006","1261.79","Do Not Bill","Wakefield","Stuff used to glue fingers back on or tape wounds shut","WAKEF-Project02"
"11008","EXP","SamS","0:00:00","0.00","","05/06/2013","Plants","7.125","207.007","1474.92","Billable","Wales","Things you plant in the ground",""
"11009","EXP","ShawnR","0:00:00","0.00","","05/07/2013","Landscape Supplies","8.125","208.008","1690.07","Override","Walpole","Compost and other types of poop for plants","AAA-Project"
"11010","EXP","TomH","0:00:00","0.00","","05/07/2013","Snacks","9.125","209.009","1907.21","Billable","Waltham","Nacho chips mostly and some beef jerky","EEE-Project"
"11011","EXP","CoreyM","0:00:00","0.00","","05/07/2013","Consultants","10.125","210.01","2126.35","Billable","Ware","Hiring folks to do stuff we cannot do","III-Project"
"11012","EXP","JamesR","0:00:00","0.00","","05/07/2013","Safety","11.125","211.011","2347.50","Billable","Wareham","Protection for eyes, ears, hands, etc.","OOO-Project"
"11013","EXP","SamS","0:00:00","0.00","","05/07/2013","Hand Tools","1.125","201.001","226.13","Billable","Warren","Hammers, saws, etc.","UUU-Project"
"11014","EXP","ShawnR","0:00:00","0.00","","05/07/2013","Power Tools","2.125","202.002","429.25","Billable","Warwick","Drills, skill saws, nail guns, etc.","WARWI-Project01"
"11015","EXP","TomH","0:00:00","0.00","","05/07/2013","Cleanup Supplies","3.125","203.003","634.38","No Charge","Washington","Trash Bags, trash bags, and more trash bags","WASHI-Project02"
"11016","EXP","CoreyM","0:00:00","0.00","","05/07/2013","Pavers","4.125","204.004","841.52","Billable","Watertown","Stuff used to make a patio or walkway",""
"11017","EXP","JamesR","0:00:00","0.00","","05/08/2013","Wood","5.125","205.005","1050.65","Override","Wayland","Stuff used to build structures and other things","AAA-Project"
"11018","EXP","SamS","0:00:00","0.00","","05/08/2013","First aid","6.125","206.006","1261.79","Do Not Bill","Webster","Stuff used to glue fingers back on or tape wounds shut","EEE-Project"
"11019","EXP","ShawnR","0:00:00","0.00","","05/08/2013","Plants","7.125","207.007","1474.92","Billable","Wellesley","Things you plant in the ground","III-Project"
"11020","EXP","TomH","0:00:00","0.00","","05/08/2013","Landscape Supplies","8.125","208.008","1690.07","Override","Wellfleet","Compost and other types of poop for plants","OOO-Project"
"11021","EXP","CoreyM","0:00:00","0.00","","05/08/2013","Snacks","9.125","209.009","1907.21","Billable","Wendell","Nacho chips mostly and some beef jerky","UUU-Project"
"11022","EXP","JamesR","0:00:00","0.00","","05/08/2013","Consultants","10.125","210.01","2126.35","Billable","Wenham","Hiring folks to do stuff we cannot do","WENHA-Project01"
"11023","EXP","SamS","0:00:00","0.00","","05/08/2013","Safety","11.125","211.011","2347.50","Billable","West.Boylston","Protection for eyes, ears, hands, etc.","WESTB-Project02"
"11024","EXP","ShawnR","0:00:00","0.00","","05/08/2013","Hand Tools","1.125","201.001","226.13","Billable","West.Bridgewater","Hammers, saws, etc.",""
"11025","EXP","TomH","0:00:00","0.00","","05/09/2013","Power Tools","2.125","202.002","429.25","Billable","West.Brookfield","Drills, skill saws, nail guns, etc.","AAA-Project"
"11026","EXP","CoreyM","0:00:00","0.00","","05/09/2013","Cleanup Supplies","3.125","203.003","634.38","No Charge","West.Newbury","Trash Bags, trash bags, and more trash bags","EEE-Project"
"11027","EXP","JamesR","0:00:00","0.00","","05/09/2013","Pavers","4.125","204.004","841.52","Billable","West.Springfield","Stuff used to make a patio or walkway","III-Project"
"11028","EXP","SamS","0:00:00","0.00","","05/09/2013","Wood","5.125","205.005","1050.65","Override","West.Stockbridge","Stuff used to build structures and other things","OOO-Project"
"11029","EXP","ShawnR","0:00:00","0.00","","05/09/2013","First aid","6.125","206.006","1261.79","Do Not Bill","West.Tisbury","Stuff used to glue fingers back on or tape wounds shut","UUU-Project"
"11030","EXP","TomH","0:00:00","0.00","","05/09/2013","Plants","7.125","207.007","1474.92","Billable","Westborough","Things you plant in the ground","WESTB-Project01"
"11031","EXP","CoreyM","0:00:00","0.00","","05/09/2013","Landscape Supplies","8.125","208.008","1690.07","Override","Westfield","Compost and other types of poop for plants","WESTF-Project02"
"11032","EXP","JamesR","0:00:00","0.00","","05/09/2013","Snacks","9.125","209.009","1907.21","Billable","Westford","Nacho chips mostly and some beef jerky",""
"11033","EXP","SamS","0:00:00","0.00","","05/10/2013","Consultants","10.125","210.01","2126.35","Billable","Westhampton","Hiring folks to do stuff we cannot do","AAA-Project"
"11034","EXP","ShawnR","0:00:00","0.00","","05/10/2013","Safety","11.125","211.011","2347.50","Billable","Westminster","Protection for eyes, ears, hands, etc.","EEE-Project"
"11035","EXP","TomH","0:00:00","0.00","","05/10/2013","Hand Tools","1.125","201.001","226.13","Billable","Weston","Hammers, saws, etc.","III-Project"
"11036","EXP","CoreyM","0:00:00","0.00","","05/10/2013","Power Tools","2.125","202.002","429.25","Billable","Westport","Drills, skill saws, nail guns, etc.","OOO-Project"
"11037","EXP","JamesR","0:00:00","0.00","","05/10/2013","Cleanup Supplies","3.125","203.003","634.38","No Charge","Westwood","Trash Bags, trash bags, and more trash bags","UUU-Project"
"11038","EXP","SamS","0:00:00","0.00","","05/10/2013","Pavers","4.125","204.004","841.52","Billable","Weymouth","Stuff used to make a patio or walkway","WEYMO-Project01"
"11039","EXP","ShawnR","0:00:00","0.00","","05/10/2013","Wood","5.125","205.005","1050.65","Override","Whately","Stuff used to build structures and other things","WHATE-Project02"
"11040","EXP","TomH","0:00:00","0.00","","05/10/2013","First aid","6.125","206.006","1261.79","Do Not Bill","Whitman","Stuff used to glue fingers back on or tape wounds shut",""
"11041","EXP","CoreyM","0:00:00","0.00","","05/11/2013","Plants","7.125","207.007","1474.92","Billable","Wilbraham","Things you plant in the ground","AAA-Project"
"11042","EXP","JamesR","0:00:00","0.00","","05/11/2013","Landscape Supplies","8.125","208.008","1690.07","Override","Williamsburg","Compost and other types of poop for plants","EEE-Project"
"11043","EXP","SamS","0:00:00","0.00","","05/11/2013","Snacks","9.125","209.009","1907.21","Billable","Williamstown","Nacho chips mostly and some beef jerky","III-Project"
"11044","EXP","ShawnR","0:00:00","0.00","","05/11/2013","Consultants","10.125","210.01","2126.35","Billable","Wilmington","Hiring folks to do stuff we cannot do","OOO-Project"
"11045","EXP","TomH","0:00:00","0.00","","05/11/2013","Safety","11.125","211.011","2347.50","Billable","Winchendon","Protection for eyes, ears, hands, etc.","UUU-Project"
"11046","EXP","CoreyM","0:00:00","0.00","","05/11/2013","Hand Tools","1.125","201.001","226.13","Billable","Winchester","Hammers, saws, etc.","WINCH-Project01"
"11047","EXP","JamesR","0:00:00","0.00","","05/11/2013","Power Tools","2.125","202.002","429.25","Billable","Windsor","Drills, skill saws, nail guns, etc.","WINDS-Project02"
"11048","EXP","SamS","0:00:00","0.00","","05/11/2013","Cleanup Supplies","3.125","203.003","634.38","No Charge","Winthrop","Trash Bags, trash bags, and more trash bags",""
"11049","EXP","ShawnR","0:00:00","0.00","","05/12/2013","Pavers","4.125","204.004","841.52","Billable","Woburn","Stuff used to make a patio or walkway","AAA-Project"
"11050","EXP","TomH","0:00:00","0.00","","05/12/2013","Wood","5.125","205.005","1050.65","Override","Worcester","Stuff used to build structures and other things","EEE-Project"
"11051","EXP","CoreyM","0:00:00","0.00","","05/12/2013","First aid","6.125","206.006","1261.79","Do Not Bill","Worthington","Stuff used to glue fingers back on or tape wounds shut","III-Project"
"11052","EXP","JamesR","0:00:00","0.00","","05/12/2013","Plants","7.125","207.007","1474.92","Billable","Wrentham","Things you plant in the ground","OOO-Project"
"11053","EXP","SamS","0:00:00","0.00","","05/12/2013","Landscape Supplies","8.125","208.008","1690.07","Override","Yarmouth","Compost and other types of poop for plants","UUU-Project"
"11054","EXP","ShawnR","0:00:00","0.00","","05/12/2013","Snacks","9.125","209.009","1907.21","Billable","Abington","Nacho chips mostly and some beef jerky","OOO-Project"
"11055","EXP","TomH","0:00:00","0.00","","05/12/2013","Consultants","10.125","210.01","2126.35","Billable","Acton","Hiring folks to do stuff we cannot do","UUU-Project"
"11056","EXP","CoreyM","0:00:00","0.00","","05/12/2013","Safety","11.125","211.011","2347.50","Billable","Acushnet","Protection for eyes, ears, hands, etc.",""
"11057","EXP","JamesR","0:00:00","0.00","","05/13/2013","Hand Tools","1.125","201.001","226.13","Billable","Adams","Hammers, saws, etc.","AAA-Project"
"11058","EXP","SamS","0:00:00","0.00","","05/13/2013","Power Tools","2.125","202.002","429.25","Billable","Agawam","Drills, skill saws, nail guns, etc.","AGAWA-Project01"
"11059","EXP","ShawnR","0:00:00","0.00","","05/13/2013","Cleanup Supplies","3.125","203.003","634.38","No Charge","Alford","Trash Bags, trash bags, and more trash bags","ALFOR-Project02"
"11060","EXP","TomH","0:00:00","0.00","","05/13/2013","Pavers","4.125","204.004","841.52","Billable","Amesbury","Stuff used to make a patio or walkway","EEE-Project"
"11061","EXP","CoreyM","0:00:00","0.00","","05/13/2013","Wood","5.125","205.005","1050.65","Override","Amherst","Stuff used to build structures and other things","III-Project"
"11062","EXP","JamesR","0:00:00","0.00","","05/13/2013","First aid","6.125","206.006","1261.79","Do Not Bill","Andover","Stuff used to glue fingers back on or tape wounds shut","OOO-Project"
"11063","EXP","SamS","0:00:00","0.00","","05/13/2013","Plants","7.125","207.007","1474.92","Billable","Aquinnah","Things you plant in the ground","UUU-Project"
"11064","EXP","ShawnR","0:00:00","0.00","","05/13/2013","Landscape Supplies","8.125","208.008","1690.07","Override","Arlington","Compost and other types of poop for plants",""
"11065","EXP","TomH","0:00:00","0.00","","05/14/2013","Snacks","9.125","209.009","1907.21","Billable","Ashburnham","Nacho chips mostly and some beef jerky","AAA-Project"
"11066","EXP","CoreyM","0:00:00","0.00","","05/14/2013","Consultants","10.125","210.01","2126.35","Billable","Ashby","Hiring folks to do stuff we cannot do","ASHBY-Project01"
"11067","EXP","JamesR","0:00:00","0.00","","05/14/2013","Safety","11.125","211.011","2347.50","Billable","Ashfield","Protection for eyes, ears, hands, etc.","ASHFI-Project02"
"11068","EXP","SamS","0:00:00","0.00","","05/14/2013","Hand Tools","1.125","201.001","226.13","Billable","Ashland","Hammers, saws, etc.","EEE-Project"
"11069","EXP","ShawnR","0:00:00","0.00","","05/14/2013","Power Tools","2.125","202.002","429.25","Billable","Athol","Drills, skill saws, nail guns, etc.","III-Project"
"11070","EXP","TomH","0:00:00","0.00","","05/14/2013","Cleanup Supplies","3.125","203.003","634.38","No Charge","Attleboro","Trash Bags, trash bags, and more trash bags","OOO-Project"
"11071","EXP","CoreyM","0:00:00","0.00","","05/14/2013","Pavers","4.125","204.004","841.52","Billable","Auburn","Stuff used to make a patio or walkway","UUU-Project"
"11072","EXP","JamesR","0:00:00","0.00","","05/14/2013","Wood","5.125","205.005","1050.65","Override","Avon","Stuff used to build structures and other things",""
"11073","EXP","SamS","0:00:00","0.00","","05/15/2013","First aid","6.125","206.006","1261.79","Do Not Bill","Ayer","Stuff used to glue fingers back on or tape wounds shut","AAA-Project"
"11074","EXP","ShawnR","0:00:00","0.00","","05/15/2013","Plants","7.125","207.007","1474.92","Billable","Barnstable","Things you plant in the ground","BARNS-Project01"
"11075","EXP","TomH","0:00:00","0.00","","05/15/2013","Landscape Supplies","8.125","208.008","1690.07","Override","Barre","Compost and other types of poop for plants","BARRE-Project02"
"11076","EXP","CoreyM","0:00:00","0.00","","05/15/2013","Snacks","9.125","209.009","1907.21","Billable","Becket","Nacho chips mostly and some beef jerky","EEE-Project"
"11077","EXP","JamesR","0:00:00","0.00","","05/15/2013","Consultants","10.125","210.01","2126.35","Billable","Bedford","Hiring folks to do stuff we cannot do","III-Project"
"11078","EXP","SamS","0:00:00","0.00","","05/15/2013","Safety","11.125","211.011","2347.50","Billable","Belchertown","Protection for eyes, ears, hands, etc.","OOO-Project"
"11079","EXP","ShawnR","0:00:00","0.00","","05/15/2013","Hand Tools","1.125","201.001","226.13","Billable","Bellingham","Hammers, saws, etc.","UUU-Project"
"11080","EXP","TomH","0:00:00","0.00","","05/15/2013","Power Tools","2.125","202.002","429.25","Billable","Belmont","Drills, skill saws, nail guns, etc.",""
"11081","EXP","CoreyM","0:00:00","0.00","","05/16/2013","Cleanup Supplies","3.125","203.003","634.38","No Charge","Berkley","Trash Bags, trash bags, and more trash bags","AAA-Project"
"11082","EXP","JamesR","0:00:00","0.00","","05/16/2013","Pavers","4.125","204.004","841.52","Billable","Berlin","Stuff used to make a patio or walkway","BERLI-Project01"
"11083","EXP","SamS","0:00:00","0.00","","05/16/2013","Wood","5.125","205.005","1050.65","Override","Bernardston","Stuff used to build structures and other things","BERNA-Project02"
"11084","EXP","ShawnR","0:00:00","0.00","","05/16/2013","First aid","3.369","206.006","694.00","Do Not Bill","Beverly","Stuff used to glue fingers back on or tape wounds shut","EEE-Project"
"11085","EXP","TomH","0:00:00","0.00","","05/16/2013","Plants","7.125","207.007","1474.92","Billable","Billerica","Things you plant in the ground","III-Project"
"11086","EXP","CoreyM","0:00:00","0.00","","05/16/2013","Landscape Supplies","8.125","208.008","1690.07","Override","Blackstone","Compost and other types of poop for plants","OOO-Project"
"11087","EXP","JamesR","0:00:00","0.00","","05/16/2013","Snacks","9.125","209.009","1907.21","Billable","Blandford","Nacho chips mostly and some beef jerky","UUU-Project"
"11088","EXP","SamS","0:00:00","0.00","","05/16/2013","Consultants","10.125","210.01","2126.35","Billable","Bolton","Hiring folks to do stuff we cannot do",""
"11089","EXP","ShawnR","0:00:00","0.00","","05/17/2013","Safety","11.125","211.011","2347.50","Billable","Boston","Protection for eyes, ears, hands, etc.","AAA-Project"
"11090","EXP","TomH","0:00:00","0.00","","05/17/2013","Hand Tools","1.125","201.001","226.13","Billable","Bourne","Hammers, saws, etc.","BOURN-Project01"
"11091","EXP","CoreyM","0:00:00","0.00","","05/17/2013","Power Tools","2.125","202.002","429.25","Billable","Boxborough","Drills, skill saws, nail guns, etc.","BOXBO-Project02"
"11092","EXP","JamesR","0:00:00","0.00","","05/17/2013","Cleanup Supplies","3.125","203.003","634.38","No Charge","Boxford","Trash Bags, trash bags, and more trash bags","EEE-Project"
"11093","EXP","SamS","0:00:00","0.00","","05/17/2013","Pavers","4.125","204.004","841.52","Billable","Boylston","Stuff used to make a patio or walkway","III-Project"
"11094","EXP","ShawnR","0:00:00","0.00","","05/17/2013","Wood","5.125","205.005","1050.65","Override","Braintree","Stuff used to build structures and other things","OOO-Project"
"11095","EXP","TomH","0:00:00","0.00","","05/17/2013","First aid","6.125","206.006","1261.79","Do Not Bill","Brewster","Stuff used to glue fingers back on or tape wounds shut","UUU-Project"
"11096","EXP","CoreyM","0:00:00","0.00","","05/17/2013","Plants","7.125","207.007","1474.92","Billable","Bridgewater","Things you plant in the ground",""
"11097","EXP","JamesR","0:00:00","0.00","","05/18/2013","Landscape Supplies","8.125","208.008","1690.07","Override","Brimfield","Compost and other types of poop for plants","AAA-Project"
"11098","EXP","SamS","0:00:00","0.00","","05/18/2013","Snacks","9.125","209.009","1907.21","Billable","Brockton","Nacho chips mostly and some beef jerky","BROCK-Project01"
"11099","EXP","ShawnR","0:00:00","0.00","","05/18/2013","Consultants","10.125","210.01","2126.35","Billable","Brookfield","Hiring folks to do stuff we cannot do","BROOK-Project02"
"11100","EXP","TomH","0:00:00","0.00","","05/18/2013","Safety","11.125","211.011","2347.50","Billable","Brookline","Protection for eyes, ears, hands, etc.","EEE-Project"
"11101","EXP","CoreyM","0:00:00","0.00","","05/18/2013","Hand Tools","1.125","201.001","226.13","Billable","Buckland","Hammers, saws, etc.","III-Project"
"11102","EXP","JamesR","0:00:00","0.00","","05/18/2013","Power Tools","2.125","202.002","429.25","Billable","Burlington","Drills, skill saws, nail guns, etc.","OOO-Project"
"11103","EXP","SamS","0:00:00","0.00","","05/18/2013","Cleanup Supplies","3.125","203.003","634.38","No Charge","Cambridge","Trash Bags, trash bags, and more trash bags","UUU-Project"
"11104","EXP","ShawnR","0:00:00","0.00","","05/18/2013","Pavers","4.125","204.004","841.52","Billable","Canton","Stuff used to make a patio or walkway",""
"11105","EXP","TomH","0:00:00","0.00","","05/19/2013","Wood","5.125","205.005","1050.65","Override","Carlisle","Stuff used to build structures and other things","AAA-Project"
"11106","EXP","CoreyM","0:00:00","0.00","","05/19/2013","First aid","6.125","206.006","1261.79","Do Not Bill","Carver","Stuff used to glue fingers back on or tape wounds shut","CARVE-Project01"
"11107","EXP","JamesR","0:00:00","0.00","","05/19/2013","Plants","7.125","207.007","1474.92","Billable","Charlemont","Things you plant in the ground","CHARL-Project02"
"11108","EXP","SamS","0:00:00","0.00","","05/19/2013","Landscape Supplies","8.125","208.008","1690.07","Override","Charlton","Compost and other types of poop for plants","EEE-Project"
"11109","EXP","ShawnR","0:00:00","0.00","","05/19/2013","Snacks","9.125","209.009","1907.21","Billable","Chatham","Nacho chips mostly and some beef jerky","III-Project"
"11110","EXP","TomH","0:00:00","0.00","","05/19/2013","Consultants","10.125","210.01","2126.35","Billable","Chelmsford","Hiring folks to do stuff we cannot do","OOO-Project"
"11111","EXP","CoreyM","0:00:00","0.00","","05/19/2013","Safety","11.125","211.011","2347.50","Billable","Chelsea","Protection for eyes, ears, hands, etc.","UUU-Project"
"11112","EXP","JamesR","0:00:00","0.00","","05/19/2013","Hand Tools","1.125","201.001","226.13","Billable","Cheshire","Hammers, saws, etc.",""
"11113","EXP","SamS","0:00:00","0.00","","05/20/2013","Power Tools","2.125","202.002","429.25","Billable","Chester","Drills, skill saws, nail guns, etc.","AAA-Project"
"11114","EXP","ShawnR","0:00:00","0.00","","05/20/2013","Cleanup Supplies","3.125","203.003","634.38","No Charge","Chesterfield","Trash Bags, trash bags, and more trash bags","CHEST-Project01"
"11115","EXP","TomH","0:00:00","0.00","","05/20/2013","Pavers","4.125","204.004","841.52","Billable","Chicopee","Stuff used to make a patio or walkway","CHICO-Project02"
"11116","EXP","CoreyM","0:00:00","0.00","","05/20/2013","Wood","5.125","205.005","1050.65","Override","Chilmark","Stuff used to build structures and other things","EEE-Project"
"11117","EXP","JamesR","0:00:00","0.00","","05/20/2013","First aid","6.125","206.006","1261.79","Do Not Bill","Clarksburg","Stuff used to glue fingers back on or tape wounds shut","III-Project"
"11118","EXP","SamS","0:00:00","0.00","","05/20/2013","Plants","7.125","207.007","1474.92","Billable","Clinton","Things you plant in the ground","OOO-Project"
"11119","EXP","ShawnR","0:00:00","0.00","","05/20/2013","Landscape Supplies","8.125","208.008","1690.07","Override","Cohasset","Compost and other types of poop for plants","UUU-Project"
"11120","EXP","TomH","0:00:00","0.00","","05/20/2013","Snacks","9.125","209.009","1907.21","Billable","Colrain","Nacho chips mostly and some beef jerky",""
"11121","EXP","CoreyM","0:00:00","0.00","","05/21/2013","Consultants","10.125","210.01","2126.35","Billable","Concord","Hiring folks to do stuff we cannot do","AAA-Project"
"11122","EXP","JamesR","0:00:00","0.00","","05/21/2013","Safety","11.125","211.011","2347.50","Billable","Conway","Protection for eyes, ears, hands, etc.","CONWA-Project01"
"11123","EXP","SamS","0:00:00","0.00","","05/21/2013","Hand Tools","1.125","201.001","226.13","Billable","Cummington","Hammers, saws, etc.","CUMMI-Project02"
"11124","EXP","ShawnR","0:00:00","0.00","","05/21/2013","Power Tools","2.125","202.002","429.25","Billable","Dalton","Drills, skill saws, nail guns, etc.","EEE-Project"
"11125","EXP","TomH","0:00:00","0.00","","05/21/2013","Cleanup Supplies","3.125","203.003","634.38","No Charge","Danvers","Trash Bags, trash bags, and more trash bags","III-Project"
"11126","EXP","CoreyM","0:00:00","0.00","","05/21/2013","Pavers","4.125","204.004","841.52","Billable","Dartmouth","Stuff used to make a patio or walkway","OOO-Project"
"11127","EXP","JamesR","0:00:00","0.00","","05/21/2013","Wood","5.125","205.005","1050.65","Override","Dedham","Stuff used to build structures and other things","UUU-Project"
"11128","EXP","SamS","0:00:00","0.00","","05/21/2013","First aid","6.125","206.006","1261.79","Do Not Bill","Deerfield","Stuff used to glue fingers back on or tape wounds shut",""
"11129","EXP","ShawnR","0:00:00","0.00","","05/22/2013","Plants","7.125","207.007","1474.92","Billable","Dennis","Things you plant in the ground","AAA-Project"
"11130","EXP","TomH","0:00:00","0.00","","05/22/2013","Landscape Supplies","8.125","208.008","1690.07","Override","Dighton","Compost and other types of poop for plants","DIGHT-Project01"
"11131","EXP","CoreyM","0:00:00","0.00","","05/22/2013","Snacks","9.125","209.009","1907.21","Billable","Douglas","Nacho chips mostly and some beef jerky","DOUGL-Project02"
"11132","EXP","JamesR","0:00:00","0.00","","05/22/2013","Consultants","10.125","210.01","2126.35","Billable","Dover","Hiring folks to do stuff we cannot do","EEE-Project"
"11133","EXP","SamS","0:00:00","0.00","","05/22/2013","Safety","11.125","211.011","2347.50","Billable","Dracut","Protection for eyes, ears, hands, etc.","III-Project"
"11134","EXP","ShawnR","0:00:00","0.00","","05/22/2013","Hand Tools","1.125","201.001","226.13","Billable","Dudley","Hammers, saws, etc.","OOO-Project"
"11135","EXP","TomH","0:00:00","0.00","","05/22/2013","Power Tools","2.125","202.002","429.25","Billable","Dunstable","Drills, skill saws, nail guns, etc.","UUU-Project"
"11136","EXP","CoreyM","0:00:00","0.00","","05/22/2013","Cleanup Supplies","3.125","203.003","634.38","No Charge","Duxbury","Trash Bags, trash bags, and more trash bags",""
"11137","EXP","JamesR","0:00:00","0.00","","05/23/2013","Pavers","4.125","204.004","841.52","Billable","East.Bridgewater","Stuff used to make a patio or walkway","AAA-Project"
"11138","EXP","SamS","0:00:00","0.00","","05/23/2013","Wood","5.125","205.005","1050.65","Override","East.Brookfield","Stuff used to build structures and other things","EASTB-Project01"
"11139","EXP","ShawnR","0:00:00","0.00","","05/23/2013","First aid","6.125","206.006","1261.79","Do Not Bill","East.Longmeadow","Stuff used to glue fingers back on or tape wounds shut","EASTL-Project02"
"11140","EXP","TomH","0:00:00","0.00","","05/23/2013","Plants","7.125","207.007","1474.92","Billable","Eastham","Things you plant in the ground","EEE-Project"
"11141","EXP","CoreyM","0:00:00","0.00","","05/23/2013","Landscape Supplies","8.125","208.008","1690.07","Override","Easthampton","Compost and other types of poop for plants","III-Project"
"11142","EXP","JamesR","0:00:00","0.00","","05/23/2013","Snacks","9.125","209.009","1907.21","Billable","Easton","Nacho chips mostly and some beef jerky","OOO-Project"
"11143","EXP","SamS","0:00:00","0.00","","05/23/2013","Consultants","10.125","210.01","2126.35","Billable","Edgartown","Hiring folks to do stuff we cannot do","UUU-Project"
"11144","EXP","ShawnR","0:00:00","0.00","","05/23/2013","Safety","11.125","211.011","2347.50","Billable","Egremont","Protection for eyes, ears, hands, etc.",""
"11145","EXP","TomH","0:00:00","0.00","","05/24/2013","Hand Tools","1.125","201.001","226.13","Billable","Erving","Hammers, saws, etc.","AAA-Project"
"11146","EXP","CoreyM","0:00:00","0.00","","05/24/2013","Power Tools","2.125","202.002","429.25","Billable","Essex","Drills, skill saws, nail guns, etc.","EEE-Project"
"11147","EXP","JamesR","0:00:00","0.00","","05/24/2013","Cleanup Supplies","3.125","203.003","634.38","No Charge","Everett","Trash Bags, trash bags, and more trash bags","EVERE-Project01"
"11148","EXP","SamS","0:00:00","0.00","","05/24/2013","Pavers","4.125","204.004","841.52","Billable","Fairhaven","Stuff used to make a patio or walkway","FAIRH-Project02"
"11149","EXP","ShawnR","0:00:00","0.00","","05/24/2013","Wood","5.125","205.005","1050.65","Override","Fall River","Stuff used to build structures and other things","III-Project"
"11150","EXP","TomH","0:00:00","0.00","","05/24/2013","First aid","6.125","206.006","1261.79","Do Not Bill","Falmouth","Stuff used to glue fingers back on or tape wounds shut","OOO-Project"
"11151","EXP","CoreyM","0:00:00","0.00","","05/24/2013","Plants","7.125","207.007","1474.92","Billable","Fitchburg","Things you plant in the ground","UUU-Project"
"11152","EXP","JamesR","0:00:00","0.00","","05/24/2013","Landscape Supplies","8.125","208.008","1690.07","Override","Florida","Compost and other types of poop for plants",""
"11153","EXP","SamS","0:00:00","0.00","","05/25/2013","Snacks","9.125","209.009","1907.21","Billable","Foxborough","Nacho chips mostly and some beef jerky","AAA-Project"
"11154","EXP","ShawnR","0:00:00","0.00","","05/25/2013","Consultants","10.125","210.01","2126.35","Billable","Framingham","Hiring folks to do stuff we cannot do","EEE-Project"
"11155","EXP","TomH","0:00:00","0.00","","05/25/2013","Safety","11.125","211.011","2347.50","Billable","Franklin","Protection for eyes, ears, hands, etc.","FRANK-Project01"
"11156","EXP","CoreyM","0:00:00","0.00","","05/25/2013","Hand Tools","1.125","201.001","226.13","Billable","Freetown","Hammers, saws, etc.","FREET-Project02"
"11157","EXP","JamesR","0:00:00","0.00","","05/25/2013","Power Tools","2.125","202.002","429.25","Billable","Gardner","Drills, skill saws, nail guns, etc.","III-Project"
"11158","EXP","SamS","0:00:00","0.00","","05/25/2013","Cleanup Supplies","3.125","203.003","634.38","No Charge","Georgetown","Trash Bags, trash bags, and more trash bags","OOO-Project"
"11159","EXP","ShawnR","0:00:00","0.00","","05/25/2013","Pavers","4.125","204.004","841.52","Billable","Gill","Stuff used to make a patio or walkway","UUU-Project"
"11160","EXP","TomH","0:00:00","0.00","","05/25/2013","Wood","5.125","205.005","1050.65","Override","Gloucester","Stuff used to build structures and other things",""
"11161","EXP","CoreyM","0:00:00","0.00","","05/26/2013","First aid","6.125","206.006","1261.79","Do Not Bill","Goshen","Stuff used to glue fingers back on or tape wounds shut","AAA-Project"
"11162","EXP","JamesR","0:00:00","0.00","","05/26/2013","Plants","7.125","207.007","1474.92","Billable","Gosnold","Things you plant in the ground","EEE-Project"
"11163","EXP","SamS","0:00:00","0.00","","05/26/2013","Landscape Supplies","8.125","208.008","1690.07","Override","Grafton","Compost and other types of poop for plants","GRAFT-Project01"
"11164","EXP","ShawnR","0:00:00","0.00","","05/26/2013","Snacks","9.125","209.009","1907.21","Billable","Granby","Nacho chips mostly and some beef jerky","GRANB-Project02"
"11165","EXP","TomH","0:00:00","0.00","","05/26/2013","Consultants","10.125","210.01","2126.35","Billable","Granville","Hiring folks to do stuff we cannot do","III-Project"
"11166","EXP","CoreyM","0:00:00","0.00","","05/26/2013","Safety","11.125","211.011","2347.50","Billable","Great Barrington","Protection for eyes, ears, hands, etc.","OOO-Project"
"11167","EXP","JamesR","0:00:00","0.00","","05/26/2013","Hand Tools","1.125","201.001","226.13","Billable","Greenfield","Hammers, saws, etc.","UUU-Project"
"11168","EXP","SamS","0:00:00","0.00","","05/26/2013","Power Tools","2.125","202.002","429.25","Billable","Groton","Drills, skill saws, nail guns, etc.",""
"11169","EXP","ShawnR","0:00:00","0.00","","05/27/2013","Cleanup Supplies","3.125","203.003","634.38","No Charge","Groveland","Trash Bags, trash bags, and more trash bags","AAA-Project"
"11170","EXP","TomH","0:00:00","0.00","","05/27/2013","Pavers","4.125","204.004","841.52","Billable","Hadley","Stuff used to make a patio or walkway","EEE-Project"
"11171","EXP","CoreyM","0:00:00","0.00","","05/27/2013","Wood","5.125","205.005","1050.65","Override","Halifax","Stuff used to build structures and other things","HALIF-Project01"
"11172","EXP","JamesR","0:00:00","0.00","","05/27/2013","First aid","6.125","206.006","1261.79","Do Not Bill","Hamilton","Stuff used to glue fingers back on or tape wounds shut","HAMIL-Project02"
"11173","EXP","SamS","0:00:00","0.00","","05/27/2013","Plants","7.125","207.007","1474.92","Billable","Hampden","Things you plant in the ground","III-Project"
"11174","EXP","ShawnR","0:00:00","0.00","","05/27/2013","Landscape Supplies","8.125","208.008","1690.07","Override","Hancock","Compost and other types of poop for plants","OOO-Project"
"11175","EXP","TomH","0:00:00","0.00","","05/27/2013","Snacks","9.125","209.009","1907.21","Billable","Hanover","Nacho chips mostly and some beef jerky","UUU-Project"
"11176","EXP","CoreyM","0:00:00","0.00","","05/27/2013","Consultants","10.125","210.01","2126.35","Billable","Hanson","Hiring folks to do stuff we cannot do",""
"11177","EXP","JamesR","0:00:00","0.00","","05/28/2013","Safety","11.125","211.011","2347.50","Billable","Hardwick","Protection for eyes, ears, hands, etc.","AAA-Project"
"11178","EXP","SamS","0:00:00","0.00","","05/28/2013","Hand Tools","1.125","201.001","226.13","Billable","Harvard","Hammers, saws, etc.","EEE-Project"
"11179","EXP","ShawnR","0:00:00","0.00","","05/28/2013","Power Tools","2.125","202.002","429.25","Billable","Harwich","Drills, skill saws, nail guns, etc.","HARWI-Project01"
"11180","EXP","TomH","0:00:00","0.00","","05/28/2013","Cleanup Supplies","3.125","203.003","634.38","No Charge","Hatfield","Trash Bags, trash bags, and more trash bags","HATFI-Project02"
"11181","EXP","CoreyM","0:00:00","0.00","","05/28/2013","Pavers","4.125","204.004","841.52","Billable","Haverhill","Stuff used to make a patio or walkway","III-Project"
"11182","EXP","JamesR","0:00:00","0.00","","05/28/2013","Wood","5.125","205.005","1050.65","Override","Hawley","Stuff used to build structures and other things","OOO-Project"
"11183","EXP","SamS","0:00:00","0.00","","05/28/2013","First aid","6.125","206.006","1261.79","Do Not Bill","Heath","Stuff used to glue fingers back on or tape wounds shut","UUU-Project"
"11184","EXP","ShawnR","0:00:00","0.00","","05/28/2013","Plants","7.125","207.007","1474.92","Billable","Hingham","Things you plant in the ground",""
"11185","EXP","TomH","0:00:00","0.00","","05/29/2013","Landscape Supplies","8.125","208.008","1690.07","Override","Hinsdale","Compost and other types of poop for plants","AAA-Project"
"11186","EXP","CoreyM","0:00:00","0.00","","05/29/2013","Snacks","9.125","209.009","1907.21","Billable","Holbrook","Nacho chips mostly and some beef jerky","EEE-Project"
"11187","EXP","JamesR","0:00:00","0.00","","05/29/2013","Consultants","10.125","210.01","2126.35","Billable","Holden","Hiring folks to do stuff we cannot do","HOLDE-Project01"
"11188","EXP","SamS","0:00:00","0.00","","05/29/2013","Safety","11.125","211.011","2347.50","Billable","Holland","Protection for eyes, ears, hands, etc.","HOLLA-Project02"
"11189","EXP","ShawnR","0:00:00","0.00","","05/29/2013","Hand Tools","1.125","201.001","226.13","Billable","Holliston","Hammers, saws, etc.","III-Project"
"11190","EXP","TomH","0:00:00","0.00","","05/29/2013","Power Tools","2.125","202.002","429.25","Billable","Holyoke","Drills, skill saws, nail guns, etc.","OOO-Project"
"11191","EXP","CoreyM","0:00:00","0.00","","05/29/2013","Cleanup Supplies","3.125","203.003","634.38","No Charge","Hopedale","Trash Bags, trash bags, and more trash bags","UUU-Project"
"11192","EXP","JamesR","0:00:00","0.00","","05/29/2013","Pavers","4.125","204.004","841.52","Billable","Hopkinton","Stuff used to make a patio or walkway",""
"11193","EXP","SamS","0:00:00","0.00","","05/30/2013","Wood","5.125","205.005","1050.65","Override","Hubbardston","Stuff used to build structures and other things","AAA-Project"
"11194","EXP","ShawnR","0:00:00","0.00","","05/30/2013","First aid","6.125","206.006","1261.79","Do Not Bill","Hudson","Stuff used to glue fingers back on or tape wounds shut","EEE-Project"
"11195","EXP","TomH","0:00:00","0.00","","05/30/2013","Plants","7.125","207.007","1474.92","Billable","Hull","Things you plant in the ground","HULL-Project01"
"11196","EXP","CoreyM","0:00:00","0.00","","05/30/2013","Landscape Supplies","8.125","208.008","1690.07","Override","Huntington","Compost and other types of poop for plants","HUNTI-Project02"
"11197","EXP","JamesR","0:00:00","0.00","","05/30/2013","Snacks","9.125","209.009","1907.21","Billable","Ipswich","Nacho chips mostly and some beef jerky","IPSWI-Project02"
"11198","EXP","SamS","0:00:00","0.00","","05/30/2013","Consultants","10.125","210.01","2126.35","Billable","Kingston","Hiring folks to do stuff we cannot do","OOO-Project"
"11199","EXP","ShawnR","0:00:00","0.00","","05/30/2013","Safety","11.125","211.011","2347.50","Billable","Lakeville","Protection for eyes, ears, hands, etc.","UUU-Project"
"11200","EXP","TomH","0:00:00","0.00","","05/30/2013","Hand Tools","1.125","201.001","226.13","Billable","Lancaster","Hammers, saws, etc.",""
"11201","EXP","CoreyM","0:00:00","0.00","","05/31/2013","Power Tools","2.125","202.002","429.25","Billable","Lanesborough","Drills, skill saws, nail guns, etc.","AAA-Project"
"11202","EXP","JamesR","0:00:00","0.00","","05/31/2013","Cleanup Supplies","3.125","203.003","634.38","No Charge","Lawrence","Trash Bags, trash bags, and more trash bags","EEE-Project"
"11203","EXP","SamS","0:00:00","0.00","","05/31/2013","Pavers","4.125","204.004","841.52","Billable","Lee","Stuff used to make a patio or walkway","III-Project"
"11204","EXP","ShawnR","0:00:00","0.00","","05/31/2013","Wood","5.125","205.005","1050.65","Override","Leicester","Stuff used to build structures and other things","LEICE-Project01"
"11205","EXP","TomH","0:00:00","0.00","","05/31/2013","First aid","6.125","206.006","1261.79","Do Not Bill","Lenox","Stuff used to glue fingers back on or tape wounds shut","LENOX-Project02"
"11206","EXP","CoreyM","0:00:00","0.00","","05/31/2013","Plants","7.125","207.007","1474.92","Billable","Leominster","Things you plant in the ground","OOO-Project"
"11207","EXP","JamesR","0:00:00","0.00","","05/31/2013","Landscape Supplies","8.125","208.008","1690.07","Override","Leverett","Compost and other types of poop for plants","UUU-Project"
"11208","EXP","SamS","0:00:00","0.00","","05/31/2013","Snacks","9.125","209.009","1907.21","Billable","Lexington","Nacho chips mostly and some beef jerky",""
"11209","EXP","ShawnR","0:00:00","0.00","","06/01/2013","Consultants","10.125","210.01","2126.35","Billable","Leyden","Hiring folks to do stuff we cannot do","AAA-Project"
"11210","EXP","TomH","0:00:00","0.00","","06/01/2013","Safety","11.125","211.011","2347.50","Billable","Lincoln","Protection for eyes, ears, hands, etc.","EEE-Project"
"11211","EXP","CoreyM","0:00:00","0.00","","06/01/2013","Hand Tools","1.125","201.001","226.13","Billable","Littleton","Hammers, saws, etc.","III-Project"
"11212","EXP","JamesR","0:00:00","0.00","","06/01/2013","Power Tools","2.125","202.002","429.25","Billable","Longmeadow","Drills, skill saws, nail guns, etc.","LONGM-Project01"
"11213","EXP","SamS","0:00:00","0.00","","06/01/2013","Cleanup Supplies","3.125","203.003","634.38","No Charge","Lowell","Trash Bags, trash bags, and more trash bags","LOWEL-Project02"
"11214","EXP","ShawnR","0:00:00","0.00","","06/01/2013","Pavers","4.125","204.004","841.52","Billable","Ludlow","Stuff used to make a patio or walkway","OOO-Project"
"11215","EXP","TomH","0:00:00","0.00","","06/01/2013","Wood","5.125","205.005","1050.65","Override","Lunenburg","Stuff used to build structures and other things","UUU-Project"
"11216","EXP","CoreyM","0:00:00","0.00","","06/01/2013","First aid","6.125","206.006","1261.79","Do Not Bill","Lynn","Stuff used to glue fingers back on or tape wounds shut",""
"11217","EXP","JamesR","0:00:00","0.00","","06/02/2013","Plants","7.125","207.007","1474.92","Billable","Lynnfield","Things you plant in the ground","AAA-Project"
"11218","EXP","SamS","0:00:00","0.00","","06/02/2013","Landscape Supplies","8.125","208.008","1690.07","Override","Malden","Compost and other types of poop for plants","EEE-Project"
"11219","EXP","ShawnR","0:00:00","0.00","","06/02/2013","Snacks","9.125","209.009","1907.21","Billable","Manchester-by-the-Sea","Nacho chips mostly and some beef jerky","III-Project"
"11220","EXP","TomH","0:00:00","0.00","","06/02/2013","Consultants","10.125","210.01","2126.35","Billable","Mansfield","Hiring folks to do stuff we cannot do","MANSF-Project01"
"11221","EXP","CoreyM","0:00:00","0.00","","06/02/2013","Safety","11.125","211.011","2347.50","Billable","Marblehead","Protection for eyes, ears, hands, etc.","MARBL-Project02"
"11222","EXP","JamesR","0:00:00","0.00","","06/02/2013","Hand Tools","1.125","201.001","226.13","Billable","Marion","Hammers, saws, etc.","OOO-Project"
"11223","EXP","SamS","0:00:00","0.00","","06/02/2013","Power Tools","2.125","202.002","429.25","Billable","Marlborough","Drills, skill saws, nail guns, etc.","UUU-Project"
"11224","EXP","ShawnR","0:00:00","0.00","","06/02/2013","Cleanup Supplies","3.125","203.003","634.38","No Charge","Marshfield","Trash Bags, trash bags, and more trash bags",""
"11225","EXP","TomH","0:00:00","0.00","","06/03/2013","Pavers","4.125","204.004","841.52","Billable","Mashpee","Stuff used to make a patio or walkway","AAA-Project"
"11226","EXP","CoreyM","0:00:00","0.00","","06/03/2013","Wood","5.125","205.005","1050.65","Override","Mattapoisett","Stuff used to build structures and other things","EEE-Project"
"11227","EXP","JamesR","0:00:00","0.00","","06/03/2013","First aid","6.125","206.006","1261.79","Do Not Bill","Maynard","Stuff used to glue fingers back on or tape wounds shut","III-Project"
"11228","EXP","SamS","0:00:00","0.00","","06/03/2013","Plants","7.125","207.007","1474.92","Billable","Medfield","Things you plant in the ground","MEDFI-Project01"
"11229","EXP","ShawnR","0:00:00","0.00","","06/03/2013","Landscape Supplies","8.125","208.008","1690.07","Override","Medford","Compost and other types of poop for plants","MEDFO-Project02"
"11230","EXP","TomH","0:00:00","0.00","","06/03/2013","Snacks","9.125","209.009","1907.21","Billable","Medway","Nacho chips mostly and some beef jerky","OOO-Project"
"11231","EXP","CoreyM","0:00:00","0.00","","06/03/2013","Consultants","10.125","210.01","2126.35","Billable","Melrose","Hiring folks to do stuff we cannot do","UUU-Project"
"11232","EXP","JamesR","0:00:00","0.00","","06/03/2013","Safety","11.125","211.011","2347.50","Billable","Mendon","Protection for eyes, ears, hands, etc.",""
"11233","EXP","SamS","0:00:00","0.00","","06/04/2013","Hand Tools","1.125","201.001","226.13","Billable","Merrimac","Hammers, saws, etc.","AAA-Project"
"11234","EXP","ShawnR","0:00:00","0.00","","06/04/2013","Power Tools","2.125","202.002","429.25","Billable","Methuen","Drills, skill saws, nail guns, etc.","EEE-Project"
"11235","EXP","TomH","0:00:00","0.00","","06/04/2013","Cleanup Supplies","3.125","203.003","634.38","No Charge","Middleborough","Trash Bags, trash bags, and more trash bags","III-Project"
"11236","EXP","CoreyM","0:00:00","0.00","","06/04/2013","Pavers","4.125","204.004","841.52","Billable","Middlefield","Stuff used to make a patio or walkway","MIDDL-Project01"
"11237","EXP","JamesR","0:00:00","0.00","","06/04/2013","Wood","5.125","205.005","1050.65","Override","Middleton","Stuff used to build structures and other things","MIDDL-Project02"
"11238","EXP","SamS","0:00:00","0.00","","06/04/2013","First aid","6.125","206.006","1261.79","Do Not Bill","Milford","Stuff used to glue fingers back on or tape wounds shut","OOO-Project"
"11239","EXP","ShawnR","0:00:00","0.00","","06/04/2013","Plants","7.125","207.007","1474.92","Billable","Millbury","Things you plant in the ground","UUU-Project"
"11240","EXP","TomH","0:00:00","0.00","","06/04/2013","Landscape Supplies","8.125","208.008","1690.07","Override","Millis","Compost and other types of poop for plants",""
"11241","EXP","CoreyM","0:00:00","0.00","","06/05/2013","Snacks","9.125","209.009","1907.21","Billable","Millville","Nacho chips mostly and some beef jerky","AAA-Project"
"11242","EXP","JamesR","0:00:00","0.00","","06/05/2013","Consultants","10.125","210.01","2126.35","Billable","Milton","Hiring folks to do stuff we cannot do","EEE-Project"
"11243","EXP","SamS","0:00:00","0.00","","06/05/2013","Safety","11.125","211.011","2347.50","Billable","Monroe","Protection for eyes, ears, hands, etc.","III-Project"
"11244","EXP","ShawnR","0:00:00","0.00","","06/05/2013","Hand Tools","1.125","201.001","226.13","Billable","Monson","Hammers, saws, etc.","MONSO-Project01"
"11245","EXP","TomH","0:00:00","0.00","","06/05/2013","Power Tools","2.125","202.002","429.25","Billable","Montague","Drills, skill saws, nail guns, etc.","MONTA-Project02"
"11246","EXP","CoreyM","0:00:00","0.00","","06/05/2013","Cleanup Supplies","3.125","203.003","634.38","No Charge","Monterey","Trash Bags, trash bags, and more trash bags","OOO-Project"
"11247","EXP","JamesR","0:00:00","0.00","","06/05/2013","Pavers","4.125","204.004","841.52","Billable","Montgomery","Stuff used to make a patio or walkway","UUU-Project"
"11248","EXP","SamS","0:00:00","0.00","","06/05/2013","Wood","5.125","205.005","1050.65","Override","Mount Washington","Stuff used to build structures and other things",""
"11249","EXP","ShawnR","0:00:00","0.00","","06/06/2013","First aid","6.125","206.006","1261.79","Do Not Bill","Nahant","Stuff used to glue fingers back on or tape wounds shut","AAA-Project"
"11250","EXP","TomH","0:00:00","0.00","","06/06/2013","Plants","7.125","207.007","1474.92","Billable","Nantucket","Things you plant in the ground","EEE-Project"
"11251","EXP","CoreyM","0:00:00","0.00","","06/06/2013","Landscape Supplies","8.125","208.008","1690.07","Override","Natick","Compost and other types of poop for plants","III-Project"
"11252","EXP","JamesR","0:00:00","0.00","","06/06/2013","Snacks","9.125","209.009","1907.21","Billable","Needham","Nacho chips mostly and some beef jerky","NEEDH-Project01"
"11253","EXP","SamS","0:00:00","0.00","","06/06/2013","Consultants","10.125","210.01","2126.35","Billable","New Ashford","Hiring folks to do stuff we cannot do","NEWAS-Project02"
"11254","EXP","ShawnR","0:00:00","0.00","","06/06/2013","Safety","11.125","211.011","2347.50","Billable","New Bedford","Protection for eyes, ears, hands, etc.","OOO-Project"
"11255","EXP","TomH","0:00:00","0.00","","06/06/2013","Hand Tools","1.125","201.001","226.13","Billable","New Braintree","Hammers, saws, etc.","UUU-Project"
"11256","EXP","CoreyM","0:00:00","0.00","","06/06/2013","Power Tools","2.125","202.002","429.25","Billable","New Marlborough","Drills, skill saws, nail guns, etc.",""
"11257","EXP","JamesR","0:00:00","0.00","","06/07/2013","Cleanup Supplies","3.125","203.003","634.38","No Charge","New Salem","Trash Bags, trash bags, and more trash bags","AAA-Project"
"11258","EXP","SamS","0:00:00","0.00","","06/07/2013","Pavers","4.125","204.004","841.52","Billable","Newbury","Stuff used to make a patio or walkway","EEE-Project"
"11259","EXP","ShawnR","0:00:00","0.00","","06/07/2013","Wood","5.125","205.005","1050.65","Override","Newburyport","Stuff used to build structures and other things","III-Project"
"11260","EXP","TomH","0:00:00","0.00","","06/07/2013","First aid","6.125","206.006","1261.79","Do Not Bill","Newton","Stuff used to glue fingers back on or tape wounds shut","NEWTO-Project01"
"11261","EXP","CoreyM","0:00:00","0.00","","06/07/2013","Plants","7.125","207.007","1474.92","Billable","Norfolk","Things you plant in the ground","NORFO-Project02"
"11262","EXP","JamesR","0:00:00","0.00","","06/07/2013","Landscape Supplies","8.125","208.008","1690.07","Override","North.Adams","Compost and other types of poop for plants","OOO-Project"
"11263","EXP","SamS","0:00:00","0.00","","06/07/2013","Snacks","9.125","209.009","1907.21","Billable","North.Andover","Nacho chips mostly and some beef jerky","UUU-Project"
"11264","EXP","ShawnR","0:00:00","0.00","","06/07/2013","Consultants","10.125","210.01","2126.35","Billable","North.Attleborough","Hiring folks to do stuff we cannot do",""
"11265","EXP","TomH","0:00:00","0.00","","06/08/2013","Safety","11.125","211.011","2347.50","Billable","North.Brookfield","Protection for eyes, ears, hands, etc.","AAA-Project"
"11266","EXP","CoreyM","0:00:00","0.00","","06/08/2013","Hand Tools","1.125","201.001","226.13","Billable","North.Reading","Hammers, saws, etc.","EEE-Project"
"11267","EXP","JamesR","0:00:00","0.00","","06/08/2013","Power Tools","2.125","202.002","429.25","Billable","Northampton","Drills, skill saws, nail guns, etc.","III-Project"
"11268","EXP","SamS","0:00:00","0.00","","06/08/2013","Cleanup Supplies","3.125","203.003","634.38","No Charge","Northborough","Trash Bags, trash bags, and more trash bags","NORTH-Project01"
"11269","EXP","ShawnR","0:00:00","0.00","","06/08/2013","Pavers","4.125","204.004","841.52","Billable","Northbridge","Stuff used to make a patio or walkway","NORTH-Project02"
"11270","EXP","TomH","0:00:00","0.00","","06/08/2013","Wood","5.125","205.005","1050.65","Override","Northfield","Stuff used to build structures and other things","OOO-Project"
"11271","EXP","CoreyM","0:00:00","0.00","","06/08/2013","First aid","6.125","206.006","1261.79","Do Not Bill","Norton","Stuff used to glue fingers back on or tape wounds shut","UUU-Project"
"11272","EXP","JamesR","0:00:00","0.00","","06/08/2013","Plants","7.125","207.007","1474.92","Billable","Norwell","Things you plant in the ground",""
"11273","EXP","SamS","0:00:00","0.00","","06/09/2013","Landscape Supplies","8.125","208.008","1690.07","Override","Norwood","Compost and other types of poop for plants","AAA-Project"
"11274","EXP","ShawnR","0:00:00","0.00","","06/09/2013","Snacks","9.125","209.009","1907.21","Billable","Oak Bluffs","Nacho chips mostly and some beef jerky","EEE-Project"
"11275","EXP","TomH","0:00:00","0.00","","06/09/2013","Consultants","10.125","210.01","2126.35","Billable","Oakham","Hiring folks to do stuff we cannot do","III-Project"
"11276","EXP","CoreyM","0:00:00","0.00","","06/09/2013","Safety","11.125","211.011","2347.50","Billable","Orange","Protection for eyes, ears, hands, etc.","OOO-Project"
"11277","EXP","JamesR","0:00:00","0.00","","06/09/2013","Hand Tools","1.125","201.001","226.13","Billable","Orleans","Hammers, saws, etc.","ORLEA-Project01"
"11278","EXP","SamS","0:00:00","0.00","","06/09/2013","Power Tools","2.125","202.002","429.25","Billable","Otis","Drills, skill saws, nail guns, etc.","OTIS-Project02"
"11279","EXP","ShawnR","0:00:00","0.00","","06/09/2013","Cleanup Supplies","3.125","203.003","634.38","No Charge","Oxford","Trash Bags, trash bags, and more trash bags","UUU-Project"
"11280","EXP","TomH","0:00:00","0.00","","06/09/2013","Pavers","4.125","204.004","841.52","Billable","Palmer","Stuff used to make a patio or walkway",""
"11281","EXP","CoreyM","0:00:00","0.00","","06/10/2013","Wood","5.125","205.005","1050.65","Override","Paxton","Stuff used to build structures and other things","AAA-Project"
"11282","EXP","JamesR","0:00:00","0.00","","06/10/2013","First aid","6.125","206.006","1261.79","Do Not Bill","Peabody","Stuff used to glue fingers back on or tape wounds shut","EEE-Project"
"11283","EXP","SamS","0:00:00","0.00","","06/10/2013","Plants","7.125","207.007","1474.92","Billable","Pelham","Things you plant in the ground","III-Project"
"11284","EXP","ShawnR","0:00:00","0.00","","06/10/2013","Landscape Supplies","8.125","208.008","1690.07","Override","Pembroke","Compost and other types of poop for plants","OOO-Project"
"11285","EXP","TomH","0:00:00","0.00","","06/10/2013","Snacks","9.125","209.009","1907.21","Billable","Pepperell","Nacho chips mostly and some beef jerky","PEPPE-Project01"
"11286","EXP","CoreyM","0:00:00","0.00","","06/10/2013","Consultants","10.125","210.01","2126.35","Billable","Peru","Hiring folks to do stuff we cannot do","PERU-Project02"
"11287","EXP","JamesR","0:00:00","0.00","","06/10/2013","Safety","11.125","211.011","2347.50","Billable","Petersham","Protection for eyes, ears, hands, etc.","UUU-Project"
"11288","EXP","SamS","0:00:00","0.00","","06/10/2013","Hand Tools","1.125","201.001","226.13","Billable","Phillipston","Hammers, saws, etc.",""
"11289","EXP","ShawnR","0:00:00","0.00","","06/11/2013","Power Tools","2.125","202.002","429.25","Billable","Pittsfield","Drills, skill saws, nail guns, etc.","AAA-Project"
"11290","EXP","TomH","0:00:00","0.00","","06/11/2013","Cleanup Supplies","3.125","203.003","634.38","No Charge","Plainfield","Trash Bags, trash bags, and more trash bags","EEE-Project"
"11291","EXP","CoreyM","0:00:00","0.00","","06/11/2013","Pavers","4.125","204.004","841.52","Billable","Plainville","Stuff used to make a patio or walkway","III-Project"
"11292","EXP","JamesR","0:00:00","0.00","","06/11/2013","Wood","5.125","205.005","1050.65","Override","Plymouth","Stuff used to build structures and other things","OOO-Project"
"11293","EXP","SamS","0:00:00","0.00","","06/11/2013","First aid","6.125","206.006","1261.79","Do Not Bill","Plympton","Stuff used to glue fingers back on or tape wounds shut","PLYMP-Project01"
"11294","EXP","ShawnR","0:00:00","0.00","","06/11/2013","Plants","7.125","207.007","1474.92","Billable","Princeton","Things you plant in the ground","PRINC-Project02"
"11295","EXP","TomH","0:00:00","0.00","","06/11/2013","Landscape Supplies","8.125","208.008","1690.07","Override","Provincetown","Compost and other types of poop for plants","UUU-Project"
"11296","EXP","CoreyM","0:00:00","0.00","","06/11/2013","Snacks","9.125","209.009","1907.21","Billable","Quincy","Nacho chips mostly and some beef jerky",""
"11297","EXP","JamesR","0:00:00","0.00","","06/12/2013","Consultants","10.125","210.01","2126.35","Billable","Randolph","Hiring folks to do stuff we cannot do","AAA-Project"
"11298","EXP","SamS","0:00:00","0.00","","06/12/2013","Safety","11.125","211.011","2347.50","Billable","Raynham","Protection for eyes, ears, hands, etc.","EEE-Project"
"11299","EXP","ShawnR","0:00:00","0.00","","06/12/2013","Hand Tools","1.125","201.001","226.13","Billable","Reading","Hammers, saws, etc.","III-Project"
"11300","EXP","TomH","0:00:00","0.00","","06/12/2013","Power Tools","2.125","202.002","429.25","Billable","Rehoboth","Drills, skill saws, nail guns, etc.","OOO-Project"
"11301","EXP","CoreyM","0:00:00","0.00","","06/12/2013","Cleanup Supplies","3.125","203.003","634.38","No Charge","Revere","Trash Bags, trash bags, and more trash bags","REVER-Project01"
"11302","EXP","JamesR","0:00:00","0.00","","06/12/2013","Pavers","4.125","204.004","841.52","Billable","Richmond","Stuff used to make a patio or walkway","RICHM-Project02"
"11303","EXP","SamS","0:00:00","0.00","","06/12/2013","Wood","5.125","205.005","1050.65","Override","Rochester","Stuff used to build structures and other things","UUU-Project"
"11304","EXP","ShawnR","0:00:00","0.00","","06/12/2013","First aid","6.125","206.006","1261.79","Do Not Bill","Rockland","Stuff used to glue fingers back on or tape wounds shut",""
"11305","EXP","TomH","0:00:00","0.00","","06/13/2013","Plants","7.125","207.007","1474.92","Billable","Rockport","Things you plant in the ground","AAA-Project"
"11306","EXP","CoreyM","0:00:00","0.00","","06/13/2013","Landscape Supplies","8.125","208.008","1690.07","Override","Rowe","Compost and other types of poop for plants","EEE-Project"
"11307","EXP","JamesR","0:00:00","0.00","","06/13/2013","Snacks","9.125","209.009","1907.21","Billable","Rowley","Nacho chips mostly and some beef jerky","III-Project"
"11308","EXP","SamS","0:00:00","0.00","","06/13/2013","Consultants","10.125","210.01","2126.35","Billable","Royalston","Hiring folks to do stuff we cannot do","OOO-Project"
"11309","EXP","ShawnR","0:00:00","0.00","","06/13/2013","Safety","11.125","211.011","2347.50","Billable","Russell","Protection for eyes, ears, hands, etc.","RUSSE-Project01"
"11310","EXP","TomH","0:00:00","0.00","","06/13/2013","Hand Tools","1.125","201.001","226.13","Billable","Rutland","Hammers, saws, etc.","RUTLA-Project02"
"11311","EXP","CoreyM","0:00:00","0.00","","06/13/2013","Power Tools","2.125","202.002","429.25","Billable","Salem","Drills, skill saws, nail guns, etc.","UUU-Project"
"11312","EXP","JamesR","0:00:00","0.00","","06/13/2013","Cleanup Supplies","3.125","203.003","634.38","No Charge","Salisbury","Trash Bags, trash bags, and more trash bags",""
"11313","EXP","SamS","0:00:00","0.00","","06/14/2013","Pavers","4.125","204.004","841.52","Billable","Sandisfield","Stuff used to make a patio or walkway","AAA-Project"
"11314","EXP","ShawnR","0:00:00","0.00","","06/14/2013","Wood","5.125","205.005","1050.65","Override","Sandwich","Stuff used to build structures and other things","EEE-Project"
"11315","EXP","TomH","0:00:00","0.00","","06/14/2013","First aid","6.125","206.006","1261.79","Do Not Bill","Saugus","Stuff used to glue fingers back on or tape wounds shut","III-Project"
"11316","EXP","CoreyM","0:00:00","0.00","","06/14/2013","Plants","7.125","207.007","1474.92","Billable","Savoy","Things you plant in the ground","OOO-Project"
"11317","EXP","JamesR","0:00:00","0.00","","06/14/2013","Landscape Supplies","8.125","208.008","1690.07","Override","Scituate","Compost and other types of poop for plants","SCITU-Project01"
"11318","EXP","SamS","0:00:00","0.00","","06/14/2013","Snacks","9.125","209.009","1907.21","Billable","Seekonk","Nacho chips mostly and some beef jerky","SEEKO-Project02"
"11319","EXP","ShawnR","0:00:00","0.00","","06/14/2013","Consultants","10.125","210.01","2126.35","Billable","Sharon","Hiring folks to do stuff we cannot do","UUU-Project"
"11320","EXP","TomH","0:00:00","0.00","","06/14/2013","Safety","11.125","211.011","2347.50","Billable","Sheffield","Protection for eyes, ears, hands, etc.",""
"11321","EXP","CoreyM","0:00:00","0.00","","06/15/2013","Hand Tools","1.125","201.001","226.13","Billable","Shelburne","Hammers, saws, etc.","AAA-Project"
"11322","EXP","JamesR","0:00:00","0.00","","06/15/2013","Power Tools","2.125","202.002","429.25","Billable","Sherborn","Drills, skill saws, nail guns, etc.","EEE-Project"
"11323","EXP","SamS","0:00:00","0.00","","06/15/2013","Cleanup Supplies","3.125","203.003","634.38","No Charge","Shirley","Trash Bags, trash bags, and more trash bags","III-Project"
"11324","EXP","ShawnR","0:00:00","0.00","","06/15/2013","Pavers","4.125","204.004","841.52","Billable","Shrewsbury","Stuff used to make a patio or walkway","OOO-Project"
"11325","EXP","TomH","0:00:00","0.00","","06/15/2013","Wood","5.125","205.005","1050.65","Override","Shutesbury","Stuff used to build structures and other things","SHUTE-Project01"
"11326","EXP","CoreyM","0:00:00","0.00","","06/15/2013","First aid","6.125","206.006","1261.79","Do Not Bill","Somerset","Stuff used to glue fingers back on or tape wounds shut","SOMER-Project02"
"11327","EXP","JamesR","0:00:00","0.00","","06/15/2013","Plants","7.125","207.007","1474.92","Billable","Somerville","Things you plant in the ground","UUU-Project"
"11328","EXP","SamS","0:00:00","0.00","","06/15/2013","Landscape Supplies","8.125","208.008","1690.07","Override","South.Hadley","Compost and other types of poop for plants",""
"11329","EXP","ShawnR","0:00:00","0.00","","06/16/2013","Snacks","9.125","209.009","1907.21","Billable","Southampton","Nacho chips mostly and some beef jerky","AAA-Project"
"11330","EXP","TomH","0:00:00","0.00","","06/16/2013","Consultants","10.125","210.01","2126.35","Billable","Southborough","Hiring folks to do stuff we cannot do","EEE-Project"
"11331","EXP","CoreyM","0:00:00","0.00","","06/16/2013","Safety","11.125","211.011","2347.50","Billable","Southbridge","Protection for eyes, ears, hands, etc.","III-Project"
"11332","EXP","JamesR","0:00:00","0.00","","06/16/2013","Hand Tools","1.125","201.001","226.13","Billable","Southwick","Hammers, saws, etc.","OOO-Project"
"11333","EXP","SamS","0:00:00","0.00","","06/16/2013","Power Tools","2.125","202.002","429.25","Billable","Spencer","Drills, skill saws, nail guns, etc.","SPENC-Project01"
"11334","EXP","ShawnR","0:00:00","0.00","","06/16/2013","Cleanup Supplies","3.125","203.003","634.38","No Charge","Springfield","Trash Bags, trash bags, and more trash bags","SPRIN-Project02"
"11335","EXP","TomH","0:00:00","0.00","","06/16/2013","Pavers","4.125","204.004","841.52","Billable","Sterling","Stuff used to make a patio or walkway","UUU-Project"
"11336","EXP","CoreyM","0:00:00","0.00","","06/16/2013","Wood","5.125","205.005","1050.65","Override","Stockbridge","Stuff used to build structures and other things",""
"11337","EXP","JamesR","0:00:00","0.00","","06/17/2013","First aid","6.125","206.006","1261.79","Do Not Bill","Stoneham","Stuff used to glue fingers back on or tape wounds shut","AAA-Project"
"11338","EXP","SamS","0:00:00","0.00","","06/17/2013","Plants","7.125","207.007","1474.92","Billable","Stoughton","Things you plant in the ground","EEE-Project"
"11339","EXP","ShawnR","0:00:00","0.00","","06/17/2013","Landscape Supplies","8.125","208.008","1690.07","Override","Stow","Compost and other types of poop for plants","III-Project"
"11340","EXP","TomH","0:00:00","0.00","","06/17/2013","Snacks","9.125","209.009","1907.21","Billable","Sturbridge","Nacho chips mostly and some beef jerky","OOO-Project"
"11341","EXP","CoreyM","0:00:00","0.00","","06/17/2013","Consultants","10.125","210.01","2126.35","Billable","Sudbury","Hiring folks to do stuff we cannot do","SUDBU-Project01"
"11342","EXP","JamesR","0:00:00","0.00","","06/17/2013","Safety","11.125","211.011","2347.50","Billable","Sunderland","Protection for eyes, ears, hands, etc.","SUNDE-Project02"
"11343","EXP","SamS","0:00:00","0.00","","06/17/2013","Hand Tools","1.125","201.001","226.13","Billable","Sutton","Hammers, saws, etc.","UUU-Project"
"11344","EXP","ShawnR","0:00:00","0.00","","06/17/2013","Power Tools","2.125","202.002","429.25","Billable","Swampscott","Drills, skill saws, nail guns, etc.",""
"11345","EXP","TomH","0:00:00","0.00","","06/18/2013","Cleanup Supplies","3.125","203.003","634.38","No Charge","Swansea","Trash Bags, trash bags, and more trash bags","AAA-Project"
"11346","EXP","CoreyM","0:00:00","0.00","","06/18/2013","Pavers","4.125","204.004","841.52","Billable","Taunton","Stuff used to make a patio or walkway","EEE-Project"
"11347","EXP","JamesR","0:00:00","0.00","","06/18/2013","Wood","5.125","205.005","1050.65","Override","Templeton","Stuff used to build structures and other things","III-Project"
"11348","EXP","SamS","0:00:00","0.00","","06/18/2013","First aid","6.125","206.006","1261.79","Do Not Bill","Tewksbury","Stuff used to glue fingers back on or tape wounds shut","OOO-Project"
"11349","EXP","ShawnR","0:00:00","0.00","","06/18/2013","Plants","7.125","207.007","1474.92","Billable","Tisbury","Things you plant in the ground","TISBU-Project01"
"11350","EXP","TomH","0:00:00","0.00","","06/18/2013","Landscape Supplies","8.125","208.008","1690.07","Override","Tolland","Compost and other types of poop for plants","TOLLA-Project02"
"11351","EXP","CoreyM","0:00:00","0.00","","06/18/2013","Snacks","9.125","209.009","1907.21","Billable","Topsfield","Nacho chips mostly and some beef jerky","UUU-Project"
"11352","EXP","JamesR","0:00:00","0.00","","06/18/2013","Consultants","10.125","210.01","2126.35","Billable","Townsend","Hiring folks to do stuff we cannot do",""
"11353","EXP","SamS","0:00:00","0.00","","06/19/2013","Safety","11.125","211.011","2347.50","Billable","Truro","Protection for eyes, ears, hands, etc.","AAA-Project"
"11354","EXP","ShawnR","0:00:00","0.00","","06/19/2013","Hand Tools","1.125","201.001","226.13","Billable","Tyngsborough","Hammers, saws, etc.","EEE-Project"
"11355","EXP","TomH","0:00:00","0.00","","06/19/2013","Power Tools","2.125","202.002","429.25","Billable","Tyringham","Drills, skill saws, nail guns, etc.","III-Project"
"11356","EXP","CoreyM","0:00:00","0.00","","06/19/2013","Cleanup Supplies","3.125","203.003","634.38","No Charge","Upton","Trash Bags, trash bags, and more trash bags","OOO-Project"
"11357","EXP","JamesR","0:00:00","0.00","","06/19/2013","Pavers","4.125","204.004","841.52","Billable","Uxbridge","Stuff used to make a patio or walkway","UUU-Project"
"11358","EXP","SamS","0:00:00","0.00","","06/19/2013","Wood","5.125","205.005","1050.65","Override","Wakefield","Stuff used to build structures and other things","WAKEF-Project01"
"11359","EXP","ShawnR","0:00:00","0.00","","06/19/2013","First aid","6.125","206.006","1261.79","Do Not Bill","Wales","Stuff used to glue fingers back on or tape wounds shut","WALES-Project02"
"11360","EXP","TomH","0:00:00","0.00","","06/19/2013","Plants","7.125","207.007","1474.92","Billable","Walpole","Things you plant in the ground",""
"11361","EXP","CoreyM","0:00:00","0.00","","06/20/2013","Landscape Supplies","8.125","208.008","1690.07","Override","Waltham","Compost and other types of poop for plants","AAA-Project"
"11362","EXP","JamesR","0:00:00","0.00","","06/20/2013","Snacks","9.125","209.009","1907.21","Billable","Ware","Nacho chips mostly and some beef jerky","EEE-Project"
"11363","EXP","SamS","0:00:00","0.00","","06/20/2013","Consultants","10.125","210.01","2126.35","Billable","Wareham","Hiring folks to do stuff we cannot do","III-Project"
"11364","EXP","ShawnR","0:00:00","0.00","","06/20/2013","Safety","11.125","211.011","2347.50","Billable","Warren","Protection for eyes, ears, hands, etc.","OOO-Project"
"11365","EXP","TomH","0:00:00","0.00","","06/20/2013","Hand Tools","1.125","201.001","226.13","Billable","Warwick","Hammers, saws, etc.","UUU-Project"
"11366","EXP","CoreyM","0:00:00","0.00","","06/20/2013","Power Tools","2.125","202.002","429.25","Billable","Washington","Drills, skill saws, nail guns, etc.","WASHI-Project01"
"11367","EXP","JamesR","0:00:00","0.00","","06/20/2013","Cleanup Supplies","3.125","203.003","634.38","No Charge","Watertown","Trash Bags, trash bags, and more trash bags","WATER-Project02"
"11368","EXP","SamS","0:00:00","0.00","","06/20/2013","Pavers","4.125","204.004","841.52","Billable","Wayland","Stuff used to make a patio or walkway",""
"11369","EXP","ShawnR","0:00:00","0.00","","06/21/2013","Wood","5.125","205.005","1050.65","Override","Webster","Stuff used to build structures and other things","AAA-Project"
"11370","EXP","TomH","0:00:00","0.00","","06/21/2013","First aid","6.125","206.006","1261.79","Do Not Bill","Wellesley","Stuff used to glue fingers back on or tape wounds shut","EEE-Project"
"11371","EXP","CoreyM","0:00:00","0.00","","06/21/2013","Plants","7.125","207.007","1474.92","Billable","Wellfleet","Things you plant in the ground","III-Project"
"11372","EXP","JamesR","0:00:00","0.00","","06/21/2013","Landscape Supplies","8.125","208.008","1690.07","Override","Wendell","Compost and other types of poop for plants","OOO-Project"
"11373","EXP","SamS","0:00:00","0.00","","06/21/2013","Snacks","9.125","209.009","1907.21","Billable","Wenham","Nacho chips mostly and some beef jerky","UUU-Project"
"11374","EXP","ShawnR","0:00:00","0.00","","06/21/2013","Consultants","10.125","210.01","2126.35","Billable","West.Boylston","Hiring folks to do stuff we cannot do","WESTB-Project01"
"11375","EXP","TomH","0:00:00","0.00","","06/21/2013","Safety","11.125","211.011","2347.50","Billable","West.Bridgewater","Protection for eyes, ears, hands, etc.","WESTB-Project02"
"11376","EXP","CoreyM","0:00:00","0.00","","06/21/2013","Hand Tools","1.125","201.001","226.13","Billable","West.Brookfield","Hammers, saws, etc.",""
"11377","EXP","JamesR","0:00:00","0.00","","06/22/2013","Power Tools","2.125","202.002","429.25","Billable","West.Newbury","Drills, skill saws, nail guns, etc.","AAA-Project"
"11378","EXP","SamS","0:00:00","0.00","","06/22/2013","Cleanup Supplies","3.125","203.003","634.38","No Charge","West.Springfield","Trash Bags, trash bags, and more trash bags","EEE-Project"
"11379","EXP","ShawnR","0:00:00","0.00","","06/22/2013","Pavers","4.125","204.004","841.52","Billable","West.Stockbridge","Stuff used to make a patio or walkway","III-Project"
"11380","EXP","TomH","0:00:00","0.00","","06/22/2013","Wood","5.125","205.005","1050.65","Override","West.Tisbury","Stuff used to build structures and other things","OOO-Project"
"11381","EXP","CoreyM","0:00:00","0.00","","06/22/2013","First aid","6.125","206.006","1261.79","Do Not Bill","Westborough","Stuff used to glue fingers back on or tape wounds shut","UUU-Project"
"11382","EXP","JamesR","0:00:00","0.00","","06/22/2013","Plants","7.125","207.007","1474.92","Billable","Westfield","Things you plant in the ground","WESTF-Project01"
"11383","EXP","SamS","0:00:00","0.00","","06/22/2013","Landscape Supplies","8.125","208.008","1690.07","Override","Westford","Compost and other types of poop for plants","WESTF-Project02"
"11384","EXP","ShawnR","0:00:00","0.00","","06/22/2013","Snacks","9.125","209.009","1907.21","Billable","Westhampton","Nacho chips mostly and some beef jerky",""
"11385","EXP","TomH","0:00:00","0.00","","06/23/2013","Consultants","10.125","210.01","2126.35","Billable","Westminster","Hiring folks to do stuff we cannot do","AAA-Project"
"11386","EXP","CoreyM","0:00:00","0.00","","06/23/2013","Safety","11.125","211.011","2347.50","Billable","Weston","Protection for eyes, ears, hands, etc.","EEE-Project"
"11387","EXP","JamesR","0:00:00","0.00","","06/23/2013","Hand Tools","1.125","201.001","226.13","Billable","Westport","Hammers, saws, etc.","III-Project"
"11388","EXP","SamS","0:00:00","0.00","","06/23/2013","Power Tools","2.125","202.002","429.25","Billable","Westwood","Drills, skill saws, nail guns, etc.","OOO-Project"
"11389","EXP","ShawnR","0:00:00","0.00","","06/23/2013","Cleanup Supplies","3.125","203.003","634.38","No Charge","Weymouth","Trash Bags, trash bags, and more trash bags","UUU-Project"
"11390","EXP","TomH","0:00:00","0.00","","06/23/2013","Pavers","4.125","204.004","841.52","Billable","Whately","Stuff used to make a patio or walkway","WHATE-Project01"
"11391","EXP","CoreyM","0:00:00","0.00","","06/23/2013","Wood","5.125","205.005","1050.65","Override","Whitman","Stuff used to build structures and other things","WHITM-Project02"
"11392","EXP","JamesR","0:00:00","0.00","","06/23/2013","First aid","6.125","206.006","1261.79","Do Not Bill","Wilbraham","Stuff used to glue fingers back on or tape wounds shut",""
"11393","EXP","SamS","0:00:00","0.00","","06/24/2013","Plants","7.125","207.007","1474.92","Billable","Williamsburg","Things you plant in the ground","AAA-Project"
"11394","EXP","ShawnR","0:00:00","0.00","","06/24/2013","Landscape Supplies","8.125","208.008","1690.07","Override","Williamstown","Compost and other types of poop for plants","EEE-Project"
"11395","EXP","TomH","0:00:00","0.00","","06/24/2013","Snacks","9.125","209.009","1907.21","Billable","Wilmington","Nacho chips mostly and some beef jerky","III-Project"
"11396","EXP","CoreyM","0:00:00","0.00","","06/24/2013","Consultants","10.125","210.01","2126.35","Billable","Winchendon","Hiring folks to do stuff we cannot do","OOO-Project"
"11397","EXP","JamesR","0:00:00","0.00","","06/24/2013","Safety","11.125","211.011","2347.50","Billable","Winchester","Protection for eyes, ears, hands, etc.","UUU-Project"
"11398","EXP","SamS","0:00:00","0.00","","06/24/2013","Hand Tools","1.125","201.001","226.13","Billable","Windsor","Hammers, saws, etc.","WINDS-Project01"
"11399","EXP","ShawnR","0:00:00","0.00","","06/24/2013","Power Tools","2.125","202.002","429.25","Billable","Winthrop","Drills, skill saws, nail guns, etc.","WINTH-Project02"
"11400","EXP","TomH","0:00:00","0.00","","06/24/2013","Cleanup Supplies","3.125","203.003","634.38","No Charge","Woburn","Trash Bags, trash bags, and more trash bags",""
"11401","EXP","CoreyM","0:00:00","0.00","","06/25/2013","Pavers","4.125","204.004","841.52","Billable","Worcester","Stuff used to make a patio or walkway","AAA-Project"
"11402","EXP","JamesR","0:00:00","0.00","","06/25/2013","Wood","5.125","205.005","1050.65","Override","Worthington","Stuff used to build structures and other things","EEE-Project"
"11403","EXP","SamS","0:00:00","0.00","","06/25/2013","First aid","6.125","206.006","1261.79","Do Not Bill","Wrentham","Stuff used to glue fingers back on or tape wounds shut","III-Project"
"11404","EXP","ShawnR","0:00:00","0.00","","06/25/2013","Plants","7.125","207.007","1474.92","Billable","Yarmouth","Things you plant in the ground","OOO-Project"
"11405","TIME","TomH","8:12:00","101.01","Hourly","06/25/2013","Planting","0.000","0.00","828.28","Billable","Abington","Plant all kinds of stuff","III-Project"
"11406","TIME","CoreyM","9:12:00","102.02","Hourly","06/25/2013","Lot Maintenance","0.000","0.00","938.58","Override","Acton","Mow, trim, dig up, and spread","OOO-Project"
"11407","TIME","JamesR","10:12:00","105.03","Hourly","06/25/2013","Water Feature","0.000","0.00","1071.31","No Charge","Acushnet","Make something splash and flow","UUU-Project"
"11408","TIME","SamS","11:12:00","103.04","Hourly","06/25/2013","Pave","0.000","0.00","1154.05","Billable","Adams","Create pretty pattern with stones",""
"11409","TIME","ShawnR","1:12:00","104.05","Hourly","06/26/2013","Build Structure","0.000","0.00","124.86","Billable","Agawam","Create something new","AAA-Project"
"11410","TIME","TomH","2:12:00","101.06","Hourly","06/26/2013","DemoS","0.000","0.00","222.33","Billable","Alford","Rip down something old","ALFOR-Project01"
"11411","TIME","CoreyM","3:12:00","102.07","Hourly","06/26/2013","Fix","0.000","0.00","326.62","Billable","Amesbury","Take something old and make it better","AMESB-Project02"
"11412","TIME","JamesR","6:12:00","105.08","Hourly","06/26/2013","DesignS","0.000","0.00","651.50","Billable","Amherst","Noodle about a new structure","EEE-Project"
"11413","TIME","SamS","4:12:00","103.09","Hourly","06/26/2013","Bid","0.000","0.00","432.98","Override","Andover","Promise you can do something great","III-Project"
"11414","TIME","ShawnR","5:12:00","104.10","Hourly","06/26/2013","Clean","0.000","0.00","541.32","Do Not Bill","Aquinnah","Take away wreckage and trash and then sweep up","OOO-Project"
"11415","TIME","TomH","7:12:00","101.11","Hourly","06/26/2013","DesignL","0.000","0.00","727.99","Billable","Arlington","Noodle about landscape","UUU-Project"
"11416","TIME","CoreyM","8:12:00","102.12","Hourly","06/26/2013","Planting","0.000","0.00","837.38","Billable","Ashburnham","Plant all kinds of stuff",""
"11417","TIME","JamesR","9:12:00","105.13","Hourly","06/27/2013","Lot Maintenance","0.000","0.00","967.20","Override","Ashby","Mow, trim, dig up, and spread","AAA-Project"
"11418","TIME","SamS","10:12:00","103.14","Hourly","06/27/2013","Water Feature","0.000","0.00","1052.03","No Charge","Ashfield","Make something splash and flow","ASHFI-Project01"
"11419","TIME","ShawnR","11:12:00","104.15","Hourly","06/27/2013","Pave","0.000","0.00","1166.48","Billable","Ashland","Create pretty pattern with stones","ASHLA-Project02"
"11420","TIME","TomH","1:12:00","101.16","Hourly","06/27/2013","Build Structure","0.000","0.00","121.39","Billable","Athol","Create something new","EEE-Project"
"11421","TIME","CoreyM","2:12:00","102.17","Hourly","06/27/2013","DemoS","0.000","0.00","224.77","Billable","Attleboro","Rip down something old","III-Project"
"11422","TIME","JamesR","3:12:00","105.18","Hourly","06/27/2013","Fix","0.000","0.00","336.58","Billable","Auburn","Take something old and make it better","OOO-Project"
"11423","TIME","SamS","6:12:00","103.19","Hourly","06/27/2013","DesignS","0.000","0.00","639.78","Billable","Avon","Noodle about a new structure","UUU-Project"
"11424","TIME","ShawnR","4:12:00","104.20","Hourly","06/27/2013","Bid","0.000","0.00","437.64","Override","Ayer","Promise you can do something great",""
"11425","TIME","TomH","5:12:00","317.01","Hourly","06/28/2013","Clean","0.000","0.00","1648.45","Do Not Bill","Barnstable","Take away wreckage and trash and then sweep up","AAA-Project"
"11426","TIME","CoreyM","7:12:00","4.02","Hourly","06/28/2013","DesignL","0.000","0.00","28.94","Billable","Barre","Noodle about landscape","BARRE-Project01"
"11427","TIME","JamesR","8:12:00","50.03","Hourly","06/28/2013","Planting","0.000","0.00","410.25","Billable","Becket","Plant all kinds of stuff","BECKE-Project02"
"11428","TIME","SamS","9:12:00","168.04","Hourly","06/28/2013","Lot Maintenance","0.000","0.00","1545.97","Override","Bedford","Mow, trim, dig up, and spread","EEE-Project"
"11429","TIME","ShawnR","10:12:00","5.05","Hourly","06/28/2013","Water Feature","0.000","0.00","51.51","No Charge","Belchertown","Make something splash and flow","III-Project"
"11430","TIME","TomH","11:12:00","236.06","Hourly","06/28/2013","Pave","0.000","0.00","2643.87","Billable","Bellingham","Create pretty pattern with stones","OOO-Project"
"11431","TIME","CoreyM","1:12:00","302.07","Hourly","06/28/2013","Build Structure","0.000","0.00","362.48","Billable","Belmont","Create something new","UUU-Project"
"11432","TIME","JamesR","2:12:00","349.08","Hourly","06/28/2013","DemoS","0.000","0.00","767.98","Billable","Berkley","Rip down something old",""
"11433","TIME","SamS","3:12:00","126.09","Hourly","06/29/2013","Fix","0.000","0.00","403.49","Billable","Berlin","Take something old and make it better","AAA-Project"
"11434","TIME","ShawnR","6:12:00","85.10","Hourly","06/29/2013","DesignS","0.000","0.00","527.62","Billable","Bernardston","Noodle about a new structure","BERNA-Project01"
"11435","TIME","TomH","2:43:48","215.11","Hourly","06/29/2013","Bid","0.000","0.00","587.26","Override","Beverly","Promise you can do something great","BEVER-Project02"
"11436","TIME","CoreyM","5:12:00","190.12","Hourly","06/29/2013","Clean","0.000","0.00","988.62","Do Not Bill","Billerica","Take away wreckage and trash and then sweep up","EEE-Project"
"11437","TIME","JamesR","7:12:00","127.13","Hourly","06/29/2013","DesignL","0.000","0.00","915.34","Billable","Blackstone","Noodle about landscape","III-Project"
"11438","TIME","SamS","8:12:00","6.14","Hourly","06/29/2013","Planting","0.000","0.00","50.35","Billable","Blandford","Plant all kinds of stuff","OOO-Project"
"11439","TIME","ShawnR","9:12:00","169.15","Hourly","06/29/2013","Lot Maintenance","0.000","0.00","1556.18","Override","Bolton","Mow, trim, dig up, and spread","UUU-Project"
"11440","TIME","TomH","10:12:00","259.16","Hourly","06/29/2013","Water Feature","0.000","0.00","2643.43","No Charge","Boston","Make something splash and flow",""
"11441","TIME","CoreyM","11:12:00","306.17","Hourly","06/30/2013","Pave","0.000","0.00","3429.10","Billable","Bourne","Create pretty pattern with stones","AAA-Project"
"11442","TIME","JamesR","1:12:00","165.18","Hourly","06/30/2013","Build Structure","0.000","0.00","198.22","Billable","Boxborough","Create something new","BOXBO-Project01"
"11443","TIME","SamS","2:12:00","216.19","Hourly","06/30/2013","DemoS","0.000","0.00","475.62","Billable","Boxford","Rip down something old","BOXFO-Project02"
"11444","TIME","ShawnR","3:12:00","128.20","Hourly","06/30/2013","Fix","0.000","0.00","410.24","Billable","Boylston","Take something old and make it better","EEE-Project"
"11445","TIME","TomH","6:12:00","106.01","Hourly","06/30/2013","DesignS","0.000","0.00","657.26","Billable","Braintree","Noodle about a new structure","III-Project"
"11446","TIME","CoreyM","4:12:00","104.02","Hourly","06/30/2013","Bid","0.000","0.00","436.88","Override","Brewster","Promise you can do something great","OOO-Project"
"11447","TIME","JamesR","5:12:00","105.03","Hourly","06/30/2013","Clean","0.000","0.00","546.16","Do Not Bill","Bridgewater","Take away wreckage and trash and then sweep up","UUU-Project"
"11448","TIME","SamS","7:12:00","107.04","Hourly","06/30/2013","DesignL","0.000","0.00","770.69","Billable","Brimfield","Noodle about landscape",""
"11449","TIME","ShawnR","8:12:00","108.05","Hourly","07/01/2013","Planting","0.000","0.00","886.01","Billable","Brockton","Plant all kinds of stuff","AAA-Project"
"11450","TIME","TomH","9:12:00","109.06","Hourly","07/01/2013","Lot Maintenance","0.000","0.00","1003.35","Override","Brookfield","Mow, trim, dig up, and spread","BROOK-Project01"
"11451","TIME","CoreyM","10:12:00","110.07","Hourly","07/01/2013","Water Feature","0.000","0.00","1122.71","No Charge","Brookline","Make something splash and flow","BROOK-Project02"
"11452","TIME","JamesR","11:12:00","111.08","Hourly","07/01/2013","Pave","0.000","0.00","1244.10","Billable","Buckland","Create pretty pattern with stones","EEE-Project"
"11453","TIME","SamS","1:12:00","101.09","Hourly","07/01/2013","Build Structure","0.000","0.00","121.31","Billable","Burlington","Create something new","III-Project"
"11454","TIME","ShawnR","2:12:00","102.10","Hourly","07/01/2013","DemoS","0.000","0.00","224.62","Billable","Cambridge","Rip down something old","OOO-Project"
"11455","TIME","TomH","3:12:00","103.11","Hourly","07/01/2013","Fix","0.000","0.00","329.95","Billable","Canton","Take something old and make it better","UUU-Project"
"11456","TIME","CoreyM","6:12:00","106.12","Hourly","07/01/2013","DesignS","0.000","0.00","657.94","Billable","Carlisle","Noodle about a new structure",""
"11457","TIME","JamesR","4:12:00","104.13","Hourly","07/02/2013","Bid","0.000","0.00","437.35","Override","Carver","Promise you can do something great","AAA-Project"
"11458","TIME","SamS","5:12:00","105.14","Hourly","07/02/2013","Clean","0.000","0.00","546.73","Do Not Bill","Charlemont","Take away wreckage and trash and then sweep up","CHARL-Project01"
"11459","TIME","ShawnR","7:12:00","107.15","Hourly","07/02/2013","DesignL","0.000","0.00","771.48","Billable","Charlton","Noodle about landscape","CHARL-Project02"
"11460","TIME","TomH","8:12:00","108.16","Hourly","07/02/2013","Planting","0.000","0.00","886.91","Billable","Chatham","Plant all kinds of stuff","EEE-Project"
"11461","TIME","CoreyM","9:12:00","109.17","Hourly","07/02/2013","Lot Maintenance","0.000","0.00","1004.36","Override","Chelmsford","Mow, trim, dig up, and spread","III-Project"
"11462","TIME","JamesR","10:12:00","110.18","Hourly","07/02/2013","Water Feature","0.000","0.00","1123.84","No Charge","Chelsea","Make something splash and flow","OOO-Project"
"11463","TIME","SamS","11:12:00","111.19","Hourly","07/02/2013","Pave","0.000","0.00","1245.33","Billable","Cheshire","Create pretty pattern with stones","UUU-Project"
"11464","TIME","ShawnR","1:12:00","101.20","Hourly","07/02/2013","Build Structure","0.000","0.00","121.44","Billable","Chester","Create something new",""
"11465","TIME","TomH","2:12:00","101.01","Hourly","07/03/2013","DemoS","0.000","0.00","222.22","Billable","Chesterfield","Rip down something old","AAA-Project"
"11466","TIME","CoreyM","3:12:00","102.02","Hourly","07/03/2013","Fix","0.000","0.00","326.46","Billable","Chicopee","Take something old and make it better","CHICO-Project01"
"11467","TIME","JamesR","6:12:00","105.03","Hourly","07/03/2013","DesignS","0.000","0.00","651.19","Billable","Chilmark","Noodle about a new structure","CHILM-Project02"
"11468","TIME","SamS","4:12:00","103.04","Hourly","07/03/2013","Bid","0.000","0.00","432.77","Override","Clarksburg","Promise you can do something great","EEE-Project"
"11469","TIME","ShawnR","5:12:00","104.05","Hourly","07/03/2013","Clean","0.000","0.00","541.06","Do Not Bill","Clinton","Take away wreckage and trash and then sweep up","III-Project"
"11470","TIME","TomH","7:12:00","101.06","Hourly","07/03/2013","DesignL","0.000","0.00","727.63","Billable","Cohasset","Noodle about landscape","OOO-Project"
"11471","TIME","CoreyM","8:12:00","102.07","Hourly","07/03/2013","Planting","0.000","0.00","836.97","Billable","Colrain","Plant all kinds of stuff","UUU-Project"
"11472","TIME","JamesR","9:12:00","105.08","Hourly","07/03/2013","Lot Maintenance","0.000","0.00","966.74","Override","Concord","Mow, trim, dig up, and spread",""
"11473","TIME","SamS","10:12:00","103.09","Hourly","07/04/2013","Water Feature","0.000","0.00","1051.52","No Charge","Conway","Make something splash and flow","AAA-Project"
"11474","TIME","ShawnR","11:12:00","104.10","Hourly","07/04/2013","Pave","0.000","0.00","1165.92","Billable","Cummington","Create pretty pattern with stones","CUMMI-Project01"
"11475","TIME","TomH","1:12:00","101.11","Hourly","07/04/2013","Build Structure","0.000","0.00","121.33","Billable","Dalton","Create something new","DALTO-Project02"
"11476","TIME","CoreyM","2:12:00","102.12","Hourly","07/04/2013","DemoS","0.000","0.00","224.66","Billable","Danvers","Rip down something old","EEE-Project"
"11477","TIME","JamesR","3:12:00","105.13","Hourly","07/04/2013","Fix","0.000","0.00","336.42","Billable","Dartmouth","Take something old and make it better","III-Project"
"11478","TIME","SamS","6:12:00","103.14","Hourly","07/04/2013","DesignS","0.000","0.00","639.47","Billable","Dedham","Noodle about a new structure","OOO-Project"
"11479","TIME","ShawnR","4:12:00","104.15","Hourly","07/04/2013","Bid","0.000","0.00","437.43","Override","Deerfield","Promise you can do something great","UUU-Project"
"11480","TIME","TomH","5:12:00","101.16","Hourly","07/04/2013","Clean","0.000","0.00","526.03","Do Not Bill","Dennis","Take away wreckage and trash and then sweep up",""
"11481","TIME","CoreyM","7:12:00","102.17","Hourly","07/05/2013","DesignL","0.000","0.00","735.62","Billable","Dighton","Noodle about landscape","AAA-Project"
"11482","TIME","JamesR","8:12:00","105.18","Hourly","07/05/2013","Planting","0.000","0.00","862.48","Billable","Douglas","Plant all kinds of stuff","DOUGL-Project01"
"11483","TIME","SamS","9:12:00","103.19","Hourly","07/05/2013","Lot Maintenance","0.000","0.00","949.35","Override","Dover","Mow, trim, dig up, and spread","DOVER-Project02"
"11484","TIME","ShawnR","10:12:00","104.20","Hourly","07/05/2013","Water Feature","0.000","0.00","1062.84","No Charge","Dracut","Make something splash and flow","EEE-Project"
"11485","TIME","TomH","11:12:00","156.01","Hourly","07/05/2013","Pave","0.000","0.00","1747.31","Billable","Dudley","Create pretty pattern with stones","III-Project"
"11486","TIME","CoreyM","1:12:00","193.02","Hourly","07/05/2013","Build Structure","0.000","0.00","231.62","Billable","Dunstable","Create something new","OOO-Project"
"11487","TIME","JamesR","2:12:00","278.03","Hourly","07/05/2013","DemoS","0.000","0.00","611.67","Billable","Duxbury","Rip down something old","UUU-Project"
"11488","TIME","SamS","3:12:00","279.04","Hourly","07/05/2013","Fix","0.000","0.00","892.93","Billable","East.Bridgewater","Take something old and make it better",""
"11489","TIME","ShawnR","6:12:00","132.05","Hourly","07/06/2013","DesignS","0.000","0.00","818.71","Billable","East.Brookfield","Noodle about a new structure","AAA-Project"
"11490","TIME","TomH","4:12:00","14.06","Hourly","07/06/2013","Bid","0.000","0.00","59.05","Override","East.Longmeadow","Promise you can do something great","EASTL-Project01"
"11491","TIME","CoreyM","5:12:00","321.07","Hourly","07/06/2013","Clean","0.000","0.00","1669.56","Do Not Bill","Eastham","Take away wreckage and trash and then sweep up","EASTH-Project02"
"11492","TIME","JamesR","7:12:00","12.08","Hourly","07/06/2013","DesignL","0.000","0.00","86.98","Billable","Easthampton","Noodle about landscape","EEE-Project"
"11493","TIME","SamS","8:12:00","280.09","Hourly","07/06/2013","Planting","0.000","0.00","2296.74","Billable","Easton","Plant all kinds of stuff","III-Project"
"11494","TIME","ShawnR","9:12:00","309.10","Hourly","07/06/2013","Lot Maintenance","0.000","0.00","2843.72","Override","Edgartown","Mow, trim, dig up, and spread","OOO-Project"
"11495","TIME","TomH","10:12:00","75.11","Hourly","07/06/2013","Water Feature","0.000","0.00","766.12","No Charge","Egremont","Make something splash and flow","UUU-Project"
"11496","TIME","CoreyM","11:12:00","93.12","Hourly","07/06/2013","Pave","0.000","0.00","1042.94","Billable","Erving","Create pretty pattern with stones",""
"11497","TIME","JamesR","1:12:00","218.13","Hourly","07/07/2013","Build Structure","0.000","0.00","261.76","Billable","Essex","Create something new","AAA-Project"
"11498","TIME","SamS","2:12:00","263.14","Hourly","07/07/2013","DemoS","0.000","0.00","578.91","Billable","Everett","Rip down something old","EEE-Project"
"11499","TIME","ShawnR","3:12:00","334.15","Hourly","07/07/2013","Fix","0.000","0.00","1069.28","Billable","Fairhaven","Take something old and make it better","FAIRH-Project01"
"11500","TIME","TomH","6:12:00","335.16","Hourly","07/07/2013","DesignS","0.000","0.00","2077.99","Billable","Fall River","Noodle about a new structure","FALLR-Project02"
"11501","TIME","CoreyM","4:12:00","310.17","Hourly","07/07/2013","Bid","0.000","0.00","1302.71","Override","Falmouth","Promise you can do something great","III-Project"
"11502","TIME","JamesR","5:12:00","108.18","Hourly","07/07/2013","Clean","0.000","0.00","562.54","Do Not Bill","Fitchburg","Take away wreckage and trash and then sweep up","OOO-Project"
"11503","TIME","SamS","7:12:00","68.19","Hourly","07/07/2013","DesignL","0.000","0.00","490.97","Billable","Florida","Noodle about landscape","UUU-Project"
"11504","TIME","ShawnR","8:12:00","241.20","Hourly","07/07/2013","Planting","0.000","0.00","1977.84","Billable","Foxborough","Plant all kinds of stuff",""
"11505","TIME","TomH","9:12:00","109.01","Hourly","07/08/2013","Lot Maintenance","0.000","0.00","1002.89","Override","Framingham","Mow, trim, dig up, and spread","AAA-Project"
"11506","TIME","CoreyM","10:12:00","110.02","Hourly","07/08/2013","Water Feature","0.000","0.00","1122.20","No Charge","Franklin","Make something splash and flow","EEE-Project"
"11507","TIME","JamesR","11:12:00","111.03","Hourly","07/08/2013","Pave","0.000","0.00","1243.54","Billable","Freetown","Create pretty pattern with stones","FREET-Project01"
"11508","TIME","SamS","1:12:00","101.04","Hourly","07/08/2013","Build Structure","0.000","0.00","121.25","Billable","Gardner","Create something new","GARDN-Project02"
"11509","TIME","ShawnR","2:12:00","102.05","Hourly","07/08/2013","DemoS","0.000","0.00","224.51","Billable","Georgetown","Rip down something old","III-Project"
"11510","TIME","TomH","3:12:00","103.06","Hourly","07/08/2013","Fix","0.000","0.00","329.79","Billable","Gill","Take something old and make it better","OOO-Project"
"11511","TIME","CoreyM","6:12:00","106.07","Hourly","07/08/2013","DesignS","0.000","0.00","657.63","Billable","Gloucester","Noodle about a new structure","UUU-Project"
"11512","TIME","JamesR","4:12:00","104.08","Hourly","07/08/2013","Bid","0.000","0.00","437.14","Override","Goshen","Promise you can do something great",""
"11513","TIME","SamS","5:12:00","105.09","Hourly","07/09/2013","Clean","0.000","0.00","546.47","Do Not Bill","Gosnold","Take away wreckage and trash and then sweep up","AAA-Project"
"11514","TIME","ShawnR","7:12:00","107.10","Hourly","07/09/2013","DesignL","0.000","0.00","771.12","Billable","Grafton","Noodle about landscape","EEE-Project"
"11515","TIME","TomH","8:12:00","108.11","Hourly","07/09/2013","Planting","0.000","0.00","886.50","Billable","Granby","Plant all kinds of stuff","GRANB-Project01"
"11516","TIME","CoreyM","9:12:00","109.12","Hourly","07/09/2013","Lot Maintenance","0.000","0.00","1003.90","Override","Granville","Mow, trim, dig up, and spread","GRANV-Project02"
"11517","TIME","JamesR","10:12:00","110.13","Hourly","07/09/2013","Water Feature","0.000","0.00","1123.33","No Charge","Great Barrington","Make something splash and flow","III-Project"
"11518","TIME","SamS","11:12:00","111.14","Hourly","07/09/2013","Pave","0.000","0.00","1244.77","Billable","Greenfield","Create pretty pattern with stones","OOO-Project"
"11519","TIME","ShawnR","1:12:00","101.15","Hourly","07/09/2013","Build Structure","0.000","0.00","121.38","Billable","Groton","Create something new","UUU-Project"
"11520","TIME","TomH","2:12:00","102.16","Hourly","07/09/2013","DemoS","0.000","0.00","224.75","Billable","Groveland","Rip down something old",""
"11521","TIME","CoreyM","3:12:00","103.17","Hourly","07/10/2013","Fix","0.000","0.00","330.14","Billable","Hadley","Take something old and make it better","AAA-Project"
"11522","TIME","JamesR","6:12:00","106.18","Hourly","07/10/2013","DesignS","0.000","0.00","658.32","Billable","Halifax","Noodle about a new structure","EEE-Project"
"11523","TIME","SamS","4:12:00","104.19","Hourly","07/10/2013","Bid","0.000","0.00","437.60","Override","Hamilton","Promise you can do something great","HAMIL-Project01"
"11524","TIME","ShawnR","5:12:00","105.20","Hourly","07/10/2013","Clean","0.000","0.00","547.04","Do Not Bill","Hampden","Take away wreckage and trash and then sweep up","HAMPD-Project02"
"11525","TIME","TomH","7:12:00","101.01","Hourly","07/10/2013","DesignL","0.000","0.00","727.27","Billable","Hancock","Noodle about landscape","III-Project"
"11526","TIME","CoreyM","8:12:00","102.02","Hourly","07/10/2013","Planting","0.000","0.00","836.56","Billable","Hanover","Plant all kinds of stuff","OOO-Project"
"11527","TIME","JamesR","9:12:00","105.03","Hourly","07/10/2013","Lot Maintenance","0.000","0.00","966.28","Override","Hanson","Mow, trim, dig up, and spread","UUU-Project"
"11528","TIME","SamS","10:12:00","103.04","Hourly","07/10/2013","Water Feature","0.000","0.00","1051.01","No Charge","Hardwick","Make something splash and flow",""
"11529","TIME","ShawnR","11:12:00","104.05","Hourly","07/11/2013","Pave","0.000","0.00","1165.36","Billable","Harvard","Create pretty pattern with stones","AAA-Project"
"11530","TIME","TomH","1:12:00","101.06","Hourly","07/11/2013","Build Structure","0.000","0.00","121.27","Billable","Harwich","Create something new","EEE-Project"
"11531","TIME","CoreyM","2:12:00","102.07","Hourly","07/11/2013","DemoS","0.000","0.00","224.55","Billable","Hatfield","Rip down something old","HATFI-Project01"
"11532","TIME","JamesR","3:12:00","105.08","Hourly","07/11/2013","Fix","0.000","0.00","336.26","Billable","Haverhill","Take something old and make it better","HAVER-Project02"
"11533","TIME","SamS","6:12:00","103.09","Hourly","07/11/2013","DesignS","0.000","0.00","639.16","Billable","Hawley","Noodle about a new structure","III-Project"
"11534","TIME","ShawnR","4:12:00","104.10","Hourly","07/11/2013","Bid","0.000","0.00","437.22","Override","Heath","Promise you can do something great","OOO-Project"
"11535","TIME","TomH","5:12:00","101.11","Hourly","07/11/2013","Clean","0.000","0.00","525.77","Do Not Bill","Hingham","Take away wreckage and trash and then sweep up","UUU-Project"
"11536","TIME","CoreyM","7:12:00","102.12","Hourly","07/11/2013","DesignL","0.000","0.00","735.26","Billable","Hinsdale","Noodle about landscape",""
"11537","TIME","JamesR","8:12:00","105.13","Hourly","07/12/2013","Planting","0.000","0.00","862.07","Billable","Holbrook","Plant all kinds of stuff","AAA-Project"
"11538","TIME","SamS","9:12:00","103.14","Hourly","07/12/2013","Lot Maintenance","0.000","0.00","948.89","Override","Holden","Mow, trim, dig up, and spread","EEE-Project"
"11539","TIME","ShawnR","10:12:00","104.15","Hourly","07/12/2013","Water Feature","0.000","0.00","1062.33","No Charge","Holland","Make something splash and flow","HOLLA-Project01"
"11540","TIME","TomH","11:12:00","101.16","Hourly","07/12/2013","Pave","0.000","0.00","1132.99","Billable","Holliston","Create pretty pattern with stones","HOLLI-Project02"
"11541","TIME","CoreyM","1:12:00","102.17","Hourly","07/12/2013","Build Structure","0.000","0.00","122.60","Billable","Holyoke","Create something new","III-Project"
"11542","TIME","JamesR","2:12:00","105.18","Hourly","07/12/2013","DemoS","0.000","0.00","231.40","Billable","Hopedale","Rip down something old","OOO-Project"
"11543","TIME","SamS","3:12:00","103.19","Hourly","07/12/2013","Fix","0.000","0.00","330.21","Billable","Hopkinton","Take something old and make it better","UUU-Project"
"11544","TIME","ShawnR","6:12:00","104.20","Hourly","07/12/2013","DesignS","0.000","0.00","646.04","Billable","Hubbardston","Noodle about a new structure",""
"11545","TIME","TomH","4:12:00","175.01","Hourly","07/13/2013","Bid","0.000","0.00","735.04","Override","Hudson","Promise you can do something great","AAA-Project"
"11546","TIME","CoreyM","5:12:00","244.02","Hourly","07/13/2013","Clean","0.000","0.00","1268.90","Do Not Bill","Hull","Take away wreckage and trash and then sweep up","EEE-Project"
"11547","TIME","JamesR","7:12:00","23.03","Hourly","07/13/2013","DesignL","0.000","0.00","165.82","Billable","Huntington","Noodle about landscape","HUNTI-Project01"
"11548","TIME","SamS","8:12:00","221.04","Hourly","07/13/2013","Planting","0.000","0.00","1812.53","Billable","Ipswich","Plant all kinds of stuff","IPSWI-Project01"
"11549","TIME","ShawnR","9:12:00","290.05","Hourly","07/13/2013","Lot Maintenance","0.000","0.00","2668.46","Override","Kingston","Mow, trim, dig up, and spread","KINGS-Project02"
"11550","TIME","TomH","10:12:00","286.06","Hourly","07/13/2013","Water Feature","0.000","0.00","2917.81","No Charge","Lakeville","Make something splash and flow","OOO-Project"
"11551","TIME","CoreyM","11:12:00","137.07","Hourly","07/13/2013","Pave","0.000","0.00","1535.18","Billable","Lancaster","Create pretty pattern with stones","UUU-Project"
"11552","TIME","JamesR","1:12:00","59.08","Hourly","07/13/2013","Build Structure","0.000","0.00","70.90","Billable","Lanesborough","Create something new",""
"11553","TIME","SamS","2:12:00","197.09","Hourly","07/14/2013","DemoS","0.000","0.00","433.60","Billable","Lawrence","Rip down something old","AAA-Project"
"11554","TIME","ShawnR","3:12:00","61.10","Hourly","07/14/2013","Fix","0.000","0.00","195.52","Billable","Lee","Take something old and make it better","EEE-Project"
"11555","TIME","TomH","6:12:00","138.11","Hourly","07/14/2013","DesignS","0.000","0.00","856.28","Billable","Leicester","Noodle about a new structure","III-Project"
"11556","TIME","CoreyM","4:12:00","62.12","Hourly","07/14/2013","Bid","0.000","0.00","260.90","Override","Lenox","Promise you can do something great","LENOX-Project01"
"11557","TIME","JamesR","5:12:00","117.13","Hourly","07/14/2013","Clean","0.000","0.00","609.08","Do Not Bill","Leominster","Take away wreckage and trash and then sweep up","LEOMI-Project02"
"11558","TIME","SamS","7:12:00","24.14","Hourly","07/14/2013","DesignL","0.000","0.00","173.81","Billable","Leverett","Noodle about landscape","OOO-Project"
"11559","TIME","ShawnR","8:12:00","296.15","Hourly","07/14/2013","Planting","0.000","0.00","2428.43","Billable","Lexington","Plant all kinds of stuff","UUU-Project"
"11560","TIME","TomH","9:12:00","86.16","Hourly","07/14/2013","Lot Maintenance","0.000","0.00","792.67","Override","Leyden","Mow, trim, dig up, and spread",""
"11561","TIME","CoreyM","10:12:00","183.17","Hourly","07/15/2013","Water Feature","0.000","0.00","1868.33","No Charge","Lincoln","Make something splash and flow","AAA-Project"
"11562","TIME","JamesR","11:12:00","118.18","Hourly","07/15/2013","Pave","0.000","0.00","1323.62","Billable","Littleton","Create pretty pattern with stones","EEE-Project"
"11563","TIME","SamS","1:12:00","47.19","Hourly","07/15/2013","Build Structure","0.000","0.00","56.63","Billable","Longmeadow","Create something new","III-Project"
"11564","TIME","ShawnR","2:12:00","200.20","Hourly","07/15/2013","DemoS","0.000","0.00","440.44","Billable","Lowell","Rip down something old","LOWEL-Project01"
"11565","TIME","TomH","3:12:00","103.01","Hourly","07/15/2013","Fix","0.000","0.00","329.63","Billable","Ludlow","Take something old and make it better","LUDLO-Project02"
"11566","TIME","CoreyM","6:12:00","106.02","Hourly","07/15/2013","DesignS","0.000","0.00","657.32","Billable","Lunenburg","Noodle about a new structure","OOO-Project"
"11567","TIME","JamesR","4:12:00","104.03","Hourly","07/15/2013","Bid","0.000","0.00","436.93","Override","Lynn","Promise you can do something great","UUU-Project"
"11568","TIME","SamS","5:12:00","105.04","Hourly","07/15/2013","Clean","0.000","0.00","546.21","Do Not Bill","Lynnfield","Take away wreckage and trash and then sweep up",""
"11569","TIME","ShawnR","7:12:00","107.05","Hourly","07/16/2013","DesignL","0.000","0.00","770.76","Billable","Malden","Noodle about landscape","AAA-Project"
"11570","TIME","TomH","8:12:00","108.06","Hourly","07/16/2013","Planting","0.000","0.00","886.09","Billable","Manchester-by-the-Sea","Plant all kinds of stuff","EEE-Project"
"11571","TIME","CoreyM","9:12:00","109.07","Hourly","07/16/2013","Lot Maintenance","0.000","0.00","1003.44","Override","Mansfield","Mow, trim, dig up, and spread","III-Project"
"11572","TIME","JamesR","10:12:00","110.08","Hourly","07/16/2013","Water Feature","0.000","0.00","1122.82","No Charge","Marblehead","Make something splash and flow","MARBL-Project01"
"11573","TIME","SamS","11:12:00","111.09","Hourly","07/16/2013","Pave","0.000","0.00","1244.21","Billable","Marion","Create pretty pattern with stones","MARIO-Project02"
"11574","TIME","ShawnR","1:12:00","101.10","Hourly","07/16/2013","Build Structure","0.000","0.00","121.32","Billable","Marlborough","Create something new","OOO-Project"
"11575","TIME","TomH","2:12:00","102.11","Hourly","07/16/2013","DemoS","0.000","0.00","224.64","Billable","Marshfield","Rip down something old","UUU-Project"
"11576","TIME","CoreyM","3:12:00","103.12","Hourly","07/16/2013","Fix","0.000","0.00","329.98","Billable","Mashpee","Take something old and make it better",""
"11577","TIME","JamesR","6:12:00","106.13","Hourly","07/17/2013","DesignS","0.000","0.00","658.01","Billable","Mattapoisett","Noodle about a new structure","AAA-Project"
"11578","TIME","SamS","4:12:00","104.14","Hourly","07/17/2013","Bid","0.000","0.00","437.39","Override","Maynard","Promise you can do something great","EEE-Project"
"11579","TIME","ShawnR","5:12:00","105.15","Hourly","07/17/2013","Clean","0.000","0.00","546.78","Do Not Bill","Medfield","Take away wreckage and trash and then sweep up","III-Project"
"11580","TIME","TomH","7:12:00","107.16","Hourly","07/17/2013","DesignL","0.000","0.00","771.55","Billable","Medford","Noodle about landscape","MEDFO-Project01"
"11581","TIME","CoreyM","8:12:00","108.17","Hourly","07/17/2013","Planting","0.000","0.00","886.99","Billable","Medway","Plant all kinds of stuff","MEDWA-Project02"
"11582","TIME","JamesR","9:12:00","109.18","Hourly","07/17/2013","Lot Maintenance","0.000","0.00","1004.46","Override","Melrose","Mow, trim, dig up, and spread","OOO-Project"
"11583","TIME","SamS","10:12:00","110.19","Hourly","07/17/2013","Water Feature","0.000","0.00","1123.94","No Charge","Mendon","Make something splash and flow","UUU-Project"
"11584","TIME","ShawnR","11:12:00","111.20","Hourly","07/17/2013","Pave","0.000","0.00","1245.44","Billable","Merrimac","Create pretty pattern with stones",""
"11585","TIME","TomH","1:12:00","101.01","Hourly","07/18/2013","Build Structure","0.000","0.00","121.21","Billable","Methuen","Create something new","AAA-Project"
"11586","TIME","CoreyM","2:12:00","102.02","Hourly","07/18/2013","DemoS","0.000","0.00","224.44","Billable","Middleborough","Rip down something old","EEE-Project"
"11587","TIME","JamesR","3:12:00","105.03","Hourly","07/18/2013","Fix","0.000","0.00","336.10","Billable","Middlefield","Take something old and make it better","III-Project"
"11588","TIME","SamS","6:12:00","103.04","Hourly","07/18/2013","DesignS","0.000","0.00","638.85","Billable","Middleton","Noodle about a new structure","MIDDL-Project01"
"11589","TIME","ShawnR","4:12:00","104.05","Hourly","07/18/2013","Bid","0.000","0.00","437.01","Override","Milford","Promise you can do something great","MILFO-Project02"
"11590","TIME","TomH","5:12:00","101.06","Hourly","07/18/2013","Clean","0.000","0.00","525.51","Do Not Bill","Millbury","Take away wreckage and trash and then sweep up","OOO-Project"
"11591","TIME","CoreyM","7:12:00","102.07","Hourly","07/18/2013","DesignL","0.000","0.00","734.90","Billable","Millis","Noodle about landscape","UUU-Project"
"11592","TIME","JamesR","8:12:00","105.08","Hourly","07/18/2013","Planting","0.000","0.00","861.66","Billable","Millville","Plant all kinds of stuff",""
"11593","TIME","SamS","9:12:00","103.09","Hourly","07/19/2013","Lot Maintenance","0.000","0.00","948.43","Override","Milton","Mow, trim, dig up, and spread","AAA-Project"
"11594","TIME","ShawnR","10:12:00","104.10","Hourly","07/19/2013","Water Feature","0.000","0.00","1061.82","No Charge","Monroe","Make something splash and flow","EEE-Project"
"11595","TIME","TomH","11:12:00","101.11","Hourly","07/19/2013","Pave","0.000","0.00","1132.43","Billable","Monson","Create pretty pattern with stones","III-Project"
"11596","TIME","CoreyM","1:12:00","102.12","Hourly","07/19/2013","Build Structure","0.000","0.00","122.54","Billable","Montague","Create something new","MONTA-Project01"
"11597","TIME","JamesR","2:12:00","105.13","Hourly","07/19/2013","DemoS","0.000","0.00","231.29","Billable","Monterey","Rip down something old","MONTE-Project02"
"11598","TIME","SamS","3:12:00","103.14","Hourly","07/19/2013","Fix","0.000","0.00","330.05","Billable","Montgomery","Take something old and make it better","OOO-Project"
"11599","TIME","ShawnR","6:12:00","104.15","Hourly","07/19/2013","DesignS","0.000","0.00","645.73","Billable","Mount Washington","Noodle about a new structure","UUU-Project"
"11600","TIME","TomH","4:12:00","101.16","Hourly","07/19/2013","Bid","0.000","0.00","424.87","Override","Nahant","Promise you can do something great",""
"11601","TIME","CoreyM","5:12:00","102.17","Hourly","07/20/2013","Clean","0.000","0.00","531.28","Do Not Bill","Nantucket","Take away wreckage and trash and then sweep up","AAA-Project"
"11602","TIME","JamesR","7:12:00","105.18","Hourly","07/20/2013","DesignL","0.000","0.00","757.30","Billable","Natick","Noodle about landscape","EEE-Project"
"11603","TIME","SamS","8:12:00","103.19","Hourly","07/20/2013","Planting","0.000","0.00","846.16","Billable","Needham","Plant all kinds of stuff","III-Project"
"11604","TIME","ShawnR","9:12:00","104.20","Hourly","07/20/2013","Lot Maintenance","0.000","0.00","958.64","Override","New Ashford","Mow, trim, dig up, and spread","NEWAS-Project01"
"11605","TIME","TomH","10:12:00","339.01","Hourly","07/20/2013","Water Feature","0.000","0.00","3457.90","No Charge","New Bedford","Make something splash and flow","NEWBE-Project02"
"11606","TIME","CoreyM","11:12:00","141.02","Hourly","07/20/2013","Pave","0.000","0.00","1579.42","Billable","New Braintree","Create pretty pattern with stones","OOO-Project"
"11607","TIME","JamesR","1:12:00","64.03","Hourly","07/20/2013","Build Structure","0.000","0.00","76.84","Billable","New Marlborough","Create something new","UUU-Project"
"11608","TIME","SamS","2:12:00","98.04","Hourly","07/20/2013","DemoS","0.000","0.00","215.69","Billable","New Salem","Rip down something old",""
"11609","TIME","ShawnR","3:12:00","227.05","Hourly","07/21/2013","Fix","0.000","0.00","726.56","Billable","Newbury","Take something old and make it better","AAA-Project"
"11610","TIME","TomH","6:12:00","226.06","Hourly","07/21/2013","DesignS","0.000","0.00","1401.57","Billable","Newburyport","Noodle about a new structure","EEE-Project"
"11611","TIME","CoreyM","4:12:00","299.07","Hourly","07/21/2013","Bid","0.000","0.00","1256.09","Override","Newton","Promise you can do something great","III-Project"
"11612","TIME","JamesR","5:12:00","250.08","Hourly","07/21/2013","Clean","0.000","0.00","1300.42","Do Not Bill","Norfolk","Take away wreckage and trash and then sweep up","NORFO-Project01"
"11613","TIME","SamS","7:12:00","66.09","Hourly","07/21/2013","DesignL","0.000","0.00","475.85","Billable","North.Adams","Noodle about landscape","NORTH-Project02"
"11614","TIME","ShawnR","8:12:00","199.10","Hourly","07/21/2013","Planting","0.000","0.00","1632.62","Billable","North.Andover","Plant all kinds of stuff","OOO-Project"
"11615","TIME","TomH","9:12:00","341.11","Hourly","07/21/2013","Lot Maintenance","0.000","0.00","3138.21","Override","North.Attleborough","Mow, trim, dig up, and spread","UUU-Project"
"11616","TIME","CoreyM","10:12:00","144.12","Hourly","07/21/2013","Water Feature","0.000","0.00","1470.02","No Charge","North.Brookfield","Make something splash and flow",""
"11617","TIME","JamesR","11:12:00","202.13","Hourly","07/22/2013","Pave","0.000","0.00","2263.86","Billable","North.Reading","Create pretty pattern with stones","AAA-Project"
"11618","TIME","SamS","1:12:00","27.14","Hourly","07/22/2013","Build Structure","0.000","0.00","32.57","Billable","Northampton","Create something new","EEE-Project"
"11619","TIME","ShawnR","2:12:00","142.15","Hourly","07/22/2013","DemoS","0.000","0.00","312.73","Billable","Northborough","Rip down something old","III-Project"
"11620","TIME","TomH","3:12:00","143.16","Hourly","07/22/2013","Fix","0.000","0.00","458.11","Billable","Northbridge","Take something old and make it better","NORTH-Project01"
"11621","TIME","CoreyM","6:12:00","99.17","Hourly","07/22/2013","DesignS","0.000","0.00","614.85","Billable","Northfield","Noodle about a new structure","NORTH-Project02"
"11622","TIME","JamesR","4:12:00","343.18","Hourly","07/22/2013","Bid","0.000","0.00","1441.36","Override","Norton","Promise you can do something great","OOO-Project"
"11623","TIME","SamS","5:12:00","251.19","Hourly","07/22/2013","Clean","0.000","0.00","1306.19","Do Not Bill","Norwell","Take away wreckage and trash and then sweep up","UUU-Project"
"11624","TIME","ShawnR","7:12:00","252.20","Hourly","07/22/2013","DesignL","0.000","0.00","1815.84","Billable","Norwood","Noodle about landscape",""
"11625","TIME","TomH","8:12:00","108.01","Hourly","07/23/2013","Planting","0.000","0.00","885.68","Billable","Oak Bluffs","Plant all kinds of stuff","AAA-Project"
"11626","TIME","CoreyM","9:12:00","109.02","Hourly","07/23/2013","Lot Maintenance","0.000","0.00","1002.98","Override","Oakham","Mow, trim, dig up, and spread","EEE-Project"
"11627","TIME","JamesR","10:12:00","110.03","Hourly","07/23/2013","Water Feature","0.000","0.00","1122.31","No Charge","Orange","Make something splash and flow","III-Project"
"11628","TIME","SamS","11:12:00","111.04","Hourly","07/23/2013","Pave","0.000","0.00","1243.65","Billable","Orleans","Create pretty pattern with stones","OOO-Project"
"11629","TIME","ShawnR","1:12:00","101.05","Hourly","07/23/2013","Build Structure","0.000","0.00","121.26","Billable","Otis","Create something new","OTIS-Project01"
"11630","TIME","TomH","2:12:00","102.06","Hourly","07/23/2013","DemoS","0.000","0.00","224.53","Billable","Oxford","Rip down something old","OXFOR-Project02"
"11631","TIME","CoreyM","3:12:00","103.07","Hourly","07/23/2013","Fix","0.000","0.00","329.82","Billable","Palmer","Take something old and make it better","UUU-Project"
"11632","TIME","JamesR","6:12:00","106.08","Hourly","07/23/2013","DesignS","0.000","0.00","657.70","Billable","Paxton","Noodle about a new structure",""
"11633","TIME","SamS","4:12:00","104.09","Hourly","07/24/2013","Bid","0.000","0.00","437.18","Override","Peabody","Promise you can do something great","AAA-Project"
"11634","TIME","ShawnR","5:12:00","105.10","Hourly","07/24/2013","Clean","0.000","0.00","546.52","Do Not Bill","Pelham","Take away wreckage and trash and then sweep up","EEE-Project"
"11635","TIME","TomH","7:12:00","107.11","Hourly","07/24/2013","DesignL","0.000","0.00","771.19","Billable","Pembroke","Noodle about landscape","III-Project"
"11636","TIME","CoreyM","8:12:00","108.12","Hourly","07/24/2013","Planting","0.000","0.00","886.58","Billable","Pepperell","Plant all kinds of stuff","OOO-Project"
"11637","TIME","JamesR","9:12:00","109.13","Hourly","07/24/2013","Lot Maintenance","0.000","0.00","1004.00","Override","Peru","Mow, trim, dig up, and spread","PERU-Project01"
"11638","TIME","SamS","10:12:00","110.14","Hourly","07/24/2013","Water Feature","0.000","0.00","1123.43","No Charge","Petersham","Make something splash and flow","PETER-Project02"
"11639","TIME","ShawnR","11:12:00","111.15","Hourly","07/24/2013","Pave","0.000","0.00","1244.88","Billable","Phillipston","Create pretty pattern with stones","UUU-Project"
"11640","TIME","TomH","1:12:00","101.16","Hourly","07/24/2013","Build Structure","0.000","0.00","121.39","Billable","Pittsfield","Create something new",""
"11641","TIME","CoreyM","2:12:00","102.17","Hourly","07/25/2013","DemoS","0.000","0.00","224.77","Billable","Plainfield","Rip down something old","AAA-Project"
"11642","TIME","JamesR","3:12:00","103.18","Hourly","07/25/2013","Fix","0.000","0.00","330.18","Billable","Plainville","Take something old and make it better","EEE-Project"
"11643","TIME","SamS","6:12:00","106.19","Hourly","07/25/2013","DesignS","0.000","0.00","658.38","Billable","Plymouth","Noodle about a new structure","III-Project"
"11644","TIME","ShawnR","4:12:00","104.20","Hourly","07/25/2013","Bid","0.000","0.00","437.64","Override","Plympton","Promise you can do something great","OOO-Project"
"11645","TIME","TomH","5:12:00","101.01","Hourly","07/25/2013","Clean","0.000","0.00","525.25","Do Not Bill","Princeton","Take away wreckage and trash and then sweep up","PRINC-Project01"
"11646","TIME","CoreyM","7:12:00","102.02","Hourly","07/25/2013","DesignL","0.000","0.00","734.54","Billable","Provincetown","Noodle about landscape","PROVI-Project02"
"11647","TIME","JamesR","8:12:00","105.03","Hourly","07/25/2013","Planting","0.000","0.00","861.25","Billable","Quincy","Plant all kinds of stuff","UUU-Project"
"11648","TIME","SamS","9:12:00","103.04","Hourly","07/25/2013","Lot Maintenance","0.000","0.00","947.97","Override","Randolph","Mow, trim, dig up, and spread",""
"11649","TIME","ShawnR","10:12:00","104.05","Hourly","07/26/2013","Water Feature","0.000","0.00","1061.31","No Charge","Raynham","Make something splash and flow","AAA-Project"
"11650","TIME","TomH","11:12:00","101.06","Hourly","07/26/2013","Pave","0.000","0.00","1131.87","Billable","Reading","Create pretty pattern with stones","EEE-Project"
"11651","TIME","CoreyM","1:12:00","102.07","Hourly","07/26/2013","Build Structure","0.000","0.00","122.48","Billable","Rehoboth","Create something new","III-Project"
"11652","TIME","JamesR","2:12:00","105.08","Hourly","07/26/2013","DemoS","0.000","0.00","231.18","Billable","Revere","Rip down something old","OOO-Project"
"11653","TIME","SamS","3:12:00","103.09","Hourly","07/26/2013","Fix","0.000","0.00","329.89","Billable","Richmond","Take something old and make it better","RICHM-Project01"
"11654","TIME","ShawnR","6:12:00","104.10","Hourly","07/26/2013","DesignS","0.000","0.00","645.42","Billable","Rochester","Noodle about a new structure","ROCHE-Project02"
"11655","TIME","TomH","4:12:00","101.11","Hourly","07/26/2013","Bid","0.000","0.00","424.66","Override","Rockland","Promise you can do something great","UUU-Project"
"11656","TIME","CoreyM","5:12:00","102.12","Hourly","07/26/2013","Clean","0.000","0.00","531.02","Do Not Bill","Rockport","Take away wreckage and trash and then sweep up",""
"11657","TIME","JamesR","7:12:00","105.13","Hourly","07/27/2013","DesignL","0.000","0.00","756.94","Billable","Rowe","Noodle about landscape","AAA-Project"
"11658","TIME","SamS","8:12:00","103.14","Hourly","07/27/2013","Planting","0.000","0.00","845.75","Billable","Rowley","Plant all kinds of stuff","EEE-Project"
"11659","TIME","ShawnR","9:12:00","104.15","Hourly","07/27/2013","Lot Maintenance","0.000","0.00","958.18","Override","Royalston","Mow, trim, dig up, and spread","III-Project"
"11660","TIME","TomH","10:12:00","101.16","Hourly","07/27/2013","Water Feature","0.000","0.00","1031.83","No Charge","Russell","Make something splash and flow","OOO-Project"
"11661","TIME","CoreyM","11:12:00","102.17","Hourly","07/27/2013","Pave","0.000","0.00","1144.30","Billable","Rutland","Create pretty pattern with stones","RUTLA-Project01"
"11662","TIME","JamesR","1:12:00","105.18","Hourly","07/27/2013","Build Structure","0.000","0.00","126.22","Billable","Salem","Create something new","SALEM-Project02"
"11663","TIME","SamS","2:12:00","103.19","Hourly","07/27/2013","DemoS","0.000","0.00","227.02","Billable","Salisbury","Rip down something old","UUU-Project"
"11664","TIME","ShawnR","3:12:00","104.20","Hourly","07/27/2013","Fix","0.000","0.00","333.44","Billable","Sandisfield","Take something old and make it better",""
"11665","TIME","TomH","6:12:00","313.01","Hourly","07/28/2013","DesignS","0.000","0.00","1940.66","Billable","Sandwich","Noodle about a new structure","AAA-Project"
"11666","TIME","CoreyM","4:12:00","211.02","Hourly","07/28/2013","Bid","0.000","0.00","886.28","Override","Saugus","Promise you can do something great","EEE-Project"
"11667","TIME","JamesR","5:12:00","72.03","Hourly","07/28/2013","Clean","0.000","0.00","374.56","Do Not Bill","Savoy","Take away wreckage and trash and then sweep up","III-Project"
"11668","TIME","SamS","7:12:00","253.04","Hourly","07/28/2013","DesignL","0.000","0.00","1821.89","Billable","Scituate","Noodle about landscape","OOO-Project"
"11669","TIME","ShawnR","8:12:00","347.05","Hourly","07/28/2013","Planting","0.000","0.00","2845.81","Billable","Seekonk","Plant all kinds of stuff","SEEKO-Project01"
"11670","TIME","TomH","9:12:00","254.06","Hourly","07/28/2013","Lot Maintenance","0.000","0.00","2337.35","Override","Sharon","Mow, trim, dig up, and spread","SHARO-Project02"
"11671","TIME","CoreyM","10:12:00","73.07","Hourly","07/28/2013","Water Feature","0.000","0.00","745.31","No Charge","Sheffield","Make something splash and flow","UUU-Project"
"11672","TIME","JamesR","11:12:00","104.08","Hourly","07/28/2013","Pave","0.000","0.00","1165.70","Billable","Shelburne","Create pretty pattern with stones",""
"11673","TIME","SamS","1:12:00","181.09","Hourly","07/29/2013","Build Structure","0.000","0.00","217.31","Billable","Sherborn","Create something new","AAA-Project"
"11674","TIME","ShawnR","2:12:00","121.10","Hourly","07/29/2013","DemoS","0.000","0.00","266.42","Billable","Shirley","Rip down something old","EEE-Project"
"11675","TIME","TomH","3:12:00","148.11","Hourly","07/29/2013","Fix","0.000","0.00","473.95","Billable","Shrewsbury","Take something old and make it better","III-Project"
"11676","TIME","CoreyM","6:12:00","32.12","Hourly","07/29/2013","DesignS","0.000","0.00","199.14","Billable","Shutesbury","Noodle about a new structure","OOO-Project"
"11677","TIME","JamesR","4:12:00","336.13","Hourly","07/29/2013","Bid","0.000","0.00","1411.75","Override","Somerset","Promise you can do something great","SOMER-Project01"
"11678","TIME","SamS","5:12:00","261.14","Hourly","07/29/2013","Clean","0.000","0.00","1357.93","Do Not Bill","Somerville","Take away wreckage and trash and then sweep up","SOMER-Project02"
"11679","TIME","ShawnR","7:12:00","34.15","Hourly","07/29/2013","DesignL","0.000","0.00","245.88","Billable","South.Hadley","Noodle about landscape","UUU-Project"
"11680","TIME","TomH","8:12:00","33.16","Hourly","07/29/2013","Planting","0.000","0.00","271.91","Billable","Southampton","Plant all kinds of stuff",""
"11681","TIME","CoreyM","9:12:00","182.17","Hourly","07/30/2013","Lot Maintenance","0.000","0.00","1675.96","Override","Southborough","Mow, trim, dig up, and spread","AAA-Project"
"11682","TIME","JamesR","10:12:00","149.18","Hourly","07/30/2013","Water Feature","0.000","0.00","1521.64","No Charge","Southbridge","Make something splash and flow","EEE-Project"
"11683","TIME","SamS","11:12:00","35.19","Hourly","07/30/2013","Pave","0.000","0.00","394.13","Billable","Southwick","Create pretty pattern with stones","III-Project"
"11684","TIME","ShawnR","1:12:00","150.20","Hourly","07/30/2013","Build Structure","0.000","0.00","180.24","Billable","Spencer","Create something new","OOO-Project"
"11685","TIME","TomH","2:12:00","102.01","Hourly","07/30/2013","DemoS","0.000","0.00","224.42","Billable","Springfield","Rip down something old","SPRIN-Project01"
"11686","TIME","CoreyM","3:12:00","103.02","Hourly","07/30/2013","Fix","0.000","0.00","329.66","Billable","Sterling","Take something old and make it better","STERL-Project02"
"11687","TIME","JamesR","6:12:00","106.03","Hourly","07/30/2013","DesignS","0.000","0.00","657.39","Billable","Stockbridge","Noodle about a new structure","UUU-Project"
"11688","TIME","SamS","4:12:00","104.04","Hourly","07/30/2013","Bid","0.000","0.00","436.97","Override","Stoneham","Promise you can do something great",""
"11689","TIME","ShawnR","5:12:00","105.05","Hourly","07/31/2013","Clean","0.000","0.00","546.26","Do Not Bill","Stoughton","Take away wreckage and trash and then sweep up","AAA-Project"
"11690","TIME","TomH","7:12:00","107.06","Hourly","07/31/2013","DesignL","0.000","0.00","770.83","Billable","Stow","Noodle about landscape","EEE-Project"
"11691","TIME","CoreyM","8:12:00","108.07","Hourly","07/31/2013","Planting","0.000","0.00","886.17","Billable","Sturbridge","Plant all kinds of stuff","III-Project"
"11692","TIME","JamesR","9:12:00","109.08","Hourly","07/31/2013","Lot Maintenance","0.000","0.00","1003.54","Override","Sudbury","Mow, trim, dig up, and spread","OOO-Project"
"11693","TIME","SamS","10:12:00","110.09","Hourly","07/31/2013","Water Feature","0.000","0.00","1122.92","No Charge","Sunderland","Make something splash and flow","SUNDE-Project01"
"11694","TIME","ShawnR","11:12:00","111.10","Hourly","07/31/2013","Pave","0.000","0.00","1244.32","Billable","Sutton","Create pretty pattern with stones","SUTTO-Project02"
"11695","TIME","TomH","1:12:00","101.11","Hourly","07/31/2013","Build Structure","0.000","0.00","121.33","Billable","Swampscott","Create something new","UUU-Project"
"11696","TIME","CoreyM","2:12:00","102.12","Hourly","07/31/2013","DemoS","0.000","0.00","224.66","Billable","Swansea","Rip down something old",""
"11697","TIME","JamesR","3:12:00","103.13","Hourly","08/01/2013","Fix","0.000","0.00","330.02","Billable","Taunton","Take something old and make it better","AAA-Project"
"11698","TIME","SamS","6:12:00","106.14","Hourly","08/01/2013","DesignS","0.000","0.00","658.07","Billable","Templeton","Noodle about a new structure","EEE-Project"
"11699","TIME","ShawnR","4:12:00","104.15","Hourly","08/01/2013","Bid","0.000","0.00","437.43","Override","Tewksbury","Promise you can do something great","III-Project"
"11700","TIME","TomH","5:12:00","105.16","Hourly","08/01/2013","Clean","0.000","0.00","546.83","Do Not Bill","Tisbury","Take away wreckage and trash and then sweep up","OOO-Project"
"11701","TIME","CoreyM","7:12:00","107.17","Hourly","08/01/2013","DesignL","0.000","0.00","771.62","Billable","Tolland","Noodle about landscape","TOLLA-Project01"
"11702","TIME","JamesR","8:12:00","108.18","Hourly","08/01/2013","Planting","0.000","0.00","887.08","Billable","Topsfield","Plant all kinds of stuff","TOPSF-Project02"
"11703","TIME","SamS","9:12:00","109.19","Hourly","08/01/2013","Lot Maintenance","0.000","0.00","1004.55","Override","Townsend","Mow, trim, dig up, and spread","UUU-Project"
"11704","TIME","ShawnR","10:12:00","110.20","Hourly","08/01/2013","Water Feature","0.000","0.00","1124.04","No Charge","Truro","Make something splash and flow",""
"11705","TIME","TomH","11:12:00","101.01","Hourly","08/02/2013","Pave","0.000","0.00","1131.31","Billable","Tyngsborough","Create pretty pattern with stones","AAA-Project"
"11706","TIME","CoreyM","1:12:00","102.02","Hourly","08/02/2013","Build Structure","0.000","0.00","122.42","Billable","Tyringham","Create something new","EEE-Project"
"11707","TIME","JamesR","2:12:00","105.03","Hourly","08/02/2013","DemoS","0.000","0.00","231.07","Billable","Upton","Rip down something old","III-Project"
"11708","TIME","SamS","3:12:00","103.04","Hourly","08/02/2013","Fix","0.000","0.00","329.73","Billable","Uxbridge","Take something old and make it better","OOO-Project"
"11709","TIME","ShawnR","6:12:00","104.05","Hourly","08/02/2013","DesignS","0.000","0.00","645.11","Billable","Wakefield","Noodle about a new structure","UUU-Project"
"11710","TIME","TomH","4:12:00","101.06","Hourly","08/02/2013","Bid","0.000","0.00","424.45","Override","Wales","Promise you can do something great","WALES-Project01"
"11711","TIME","CoreyM","5:12:00","102.07","Hourly","08/02/2013","Clean","0.000","0.00","530.76","Do Not Bill","Walpole","Take away wreckage and trash and then sweep up","WALPO-Project02"
"11712","TIME","JamesR","7:12:00","105.08","Hourly","08/02/2013","DesignL","0.000","0.00","756.58","Billable","Waltham","Noodle about landscape",""
"11713","TIME","SamS","8:12:00","103.09","Hourly","08/03/2013","Planting","0.000","0.00","845.34","Billable","Ware","Plant all kinds of stuff","AAA-Project"
"11714","TIME","ShawnR","9:12:00","104.10","Hourly","08/03/2013","Lot Maintenance","0.000","0.00","957.72","Override","Wareham","Mow, trim, dig up, and spread","EEE-Project"
"11715","TIME","TomH","10:12:00","101.11","Hourly","08/03/2013","Water Feature","0.000","0.00","1031.32","No Charge","Warren","Make something splash and flow","III-Project"
"11716","TIME","CoreyM","11:12:00","102.12","Hourly","08/03/2013","Pave","0.000","0.00","1143.74","Billable","Warwick","Create pretty pattern with stones","OOO-Project"
"11717","TIME","JamesR","1:12:00","105.13","Hourly","08/03/2013","Build Structure","0.000","0.00","126.16","Billable","Washington","Create something new","UUU-Project"
"11718","TIME","SamS","2:12:00","103.14","Hourly","08/03/2013","DemoS","0.000","0.00","226.91","Billable","Watertown","Rip down something old","WATER-Project01"
"11719","TIME","ShawnR","3:12:00","104.15","Hourly","08/03/2013","Fix","0.000","0.00","333.28","Billable","Wayland","Take something old and make it better","WAYLA-Project02"
"11720","TIME","TomH","6:12:00","101.16","Hourly","08/03/2013","DesignS","0.000","0.00","627.19","Billable","Webster","Noodle about a new structure",""
"11721","TIME","CoreyM","4:12:00","102.17","Hourly","08/04/2013","Bid","0.000","0.00","429.11","Override","Wellesley","Promise you can do something great","AAA-Project"
"11722","TIME","JamesR","5:12:00","105.18","Hourly","08/04/2013","Clean","0.000","0.00","546.94","Do Not Bill","Wellfleet","Take away wreckage and trash and then sweep up","EEE-Project"
"11723","TIME","SamS","7:12:00","103.19","Hourly","08/04/2013","DesignL","0.000","0.00","742.97","Billable","Wendell","Noodle about landscape","III-Project"
"11724","TIME","ShawnR","8:12:00","104.20","Hourly","08/04/2013","Planting","0.000","0.00","854.44","Billable","Wenham","Plant all kinds of stuff","OOO-Project"
"11725","TIME","TomH","9:12:00","158.01","Hourly","08/04/2013","Lot Maintenance","0.000","0.00","1453.69","Override","West.Boylston","Mow, trim, dig up, and spread","UUU-Project"
"11726","TIME","CoreyM","10:12:00","294.02","Hourly","08/04/2013","Water Feature","0.000","0.00","2999.00","No Charge","West.Bridgewater","Make something splash and flow","WESTB-Project01"
"11727","TIME","JamesR","11:12:00","159.03","Hourly","08/04/2013","Pave","0.000","0.00","1781.14","Billable","West.Brookfield","Create pretty pattern with stones","WESTB-Project02"
"11728","TIME","SamS","1:12:00","235.04","Hourly","08/04/2013","Build Structure","0.000","0.00","282.05","Billable","West.Newbury","Create something new",""
"11729","TIME","ShawnR","2:12:00","41.05","Hourly","08/05/2013","DemoS","0.000","0.00","90.31","Billable","West.Springfield","Rip down something old","AAA-Project"
"11730","TIME","TomH","3:12:00","78.06","Hourly","08/05/2013","Fix","0.000","0.00","249.79","Billable","West.Stockbridge","Take something old and make it better","EEE-Project"
"11731","TIME","CoreyM","6:12:00","316.07","Hourly","08/05/2013","DesignS","0.000","0.00","1959.63","Billable","West.Tisbury","Noodle about a new structure","III-Project"
"11732","TIME","JamesR","4:12:00","157.08","Hourly","08/05/2013","Bid","0.000","0.00","659.74","Override","Westborough","Promise you can do something great","OOO-Project"
"11733","TIME","SamS","5:12:00","39.09","Hourly","08/05/2013","Clean","0.000","0.00","203.27","Do Not Bill","Westfield","Take away wreckage and trash and then sweep up","UUU-Project"
"11734","TIME","ShawnR","7:12:00","207.10","Hourly","08/05/2013","DesignL","0.000","0.00","1491.12","Billable","Westford","Noodle about landscape","WESTF-Project01"
"11735","TIME","TomH","8:12:00","13.11","Hourly","08/05/2013","Planting","0.000","0.00","107.50","Billable","Westhampton","Plant all kinds of stuff","WESTH-Project02"
"11736","TIME","CoreyM","9:12:00","113.12","Hourly","08/05/2013","Lot Maintenance","0.000","0.00","1040.70","Override","Westminster","Mow, trim, dig up, and spread",""
"11737","TIME","JamesR","10:12:00","305.13","Hourly","08/06/2013","Water Feature","0.000","0.00","3112.33","No Charge","Weston","Make something splash and flow","AAA-Project"
"11738","TIME","SamS","11:12:00","351.14","Hourly","08/06/2013","Pave","0.000","0.00","3932.77","Billable","Westport","Create pretty pattern with stones","EEE-Project"
"11739","TIME","ShawnR","1:12:00","257.15","Hourly","08/06/2013","Build Structure","0.000","0.00","308.58","Billable","Westwood","Create something new","III-Project"
"11740","TIME","TomH","2:12:00","273.16","Hourly","08/06/2013","DemoS","0.000","0.00","600.95","Billable","Weymouth","Rip down something old","OOO-Project"
"11741","TIME","CoreyM","3:12:00","42.17","Hourly","08/06/2013","Fix","0.000","0.00","134.94","Billable","Whately","Take something old and make it better","UUU-Project"
"11742","TIME","JamesR","6:12:00","295.18","Hourly","08/06/2013","DesignS","0.000","0.00","1830.12","Billable","Whitman","Noodle about a new structure","WHITM-Project01"
"11743","TIME","SamS","4:12:00","43.19","Hourly","08/06/2013","Bid","0.000","0.00","181.40","Override","Wilbraham","Promise you can do something great","WILBR-Project02"
"11744","TIME","ShawnR","5:12:00","44.20","Hourly","08/06/2013","Clean","0.000","0.00","229.84","Do Not Bill","Williamsburg","Take away wreckage and trash and then sweep up",""
"11745","TIME","TomH","7:12:00","107.01","Hourly","08/07/2013","DesignL","0.000","0.00","770.47","Billable","Williamstown","Noodle about landscape","AAA-Project"
"11746","TIME","CoreyM","8:12:00","108.02","Hourly","08/07/2013","Planting","0.000","0.00","885.76","Billable","Wilmington","Plant all kinds of stuff","EEE-Project"
"11747","TIME","JamesR","9:12:00","109.03","Hourly","08/07/2013","Lot Maintenance","0.000","0.00","1003.08","Override","Winchendon","Mow, trim, dig up, and spread","III-Project"
"11748","TIME","SamS","10:12:00","110.04","Hourly","08/07/2013","Water Feature","0.000","0.00","1122.41","No Charge","Winchester","Make something splash and flow","OOO-Project"
"11749","TIME","ShawnR","11:12:00","111.05","Hourly","08/07/2013","Pave","0.000","0.00","1243.76","Billable","Windsor","Create pretty pattern with stones","UUU-Project"
"11750","TIME","TomH","1:12:00","101.06","Hourly","08/07/2013","Build Structure","0.000","0.00","121.27","Billable","Winthrop","Create something new","WINTH-Project01"
"11751","TIME","CoreyM","2:12:00","102.07","Hourly","08/07/2013","DemoS","0.000","0.00","224.55","Billable","Woburn","Rip down something old","WOBUR-Project02"
"11752","TIME","JamesR","3:12:00","103.08","Hourly","08/07/2013","Fix","0.000","0.00","329.86","Billable","Worcester","Take something old and make it better",""
"11753","TIME","SamS","6:12:00","106.09","Hourly","08/08/2013","DesignS","0.000","0.00","657.76","Billable","Worthington","Noodle about a new structure","AAA-Project"
"11754","TIME","ShawnR","4:12:00","104.10","Hourly","08/08/2013","Bid","0.000","0.00","437.22","Override","Wrentham","Promise you can do something great","EEE-Project"
"11755","TIME","TomH","5:12:00","105.11","Hourly","08/08/2013","Clean","0.000","0.00","546.57","Do Not Bill","Yarmouth","Take away wreckage and trash and then sweep up","III-Project"
"11756","TIME","CoreyM","7:12:00","102.01","Hourly","08/08/2013","DesignL","0.000","0.00","734.47","Billable","Abington","Noodle about landscape","EEE-Project"
"11757","TIME","JamesR","8:12:00","105.02","Hourly","08/08/2013","Planting","0.000","0.00","861.16","Billable","Acton","Plant all kinds of stuff","III-Project"
"11758","TIME","SamS","9:12:00","103.03","Hourly","08/08/2013","Lot Maintenance","0.000","0.00","947.88","Override","Acushnet","Mow, trim, dig up, and spread","OOO-Project"
"11759","TIME","ShawnR","10:12:00","104.04","Hourly","08/08/2013","Water Feature","0.000","0.00","1061.21","No Charge","Adams","Make something splash and flow","UUU-Project"
"11760","TIME","TomH","11:12:00","101.05","Hourly","08/08/2013","Pave","0.000","0.00","1131.76","Billable","Agawam","Create pretty pattern with stones",""
"11761","TIME","CoreyM","1:12:00","102.06","Hourly","08/09/2013","Build Structure","0.000","0.00","122.47","Billable","Alford","Create something new","AAA-Project"
"11762","TIME","JamesR","2:12:00","105.07","Hourly","08/09/2013","DemoS","0.000","0.00","231.15","Billable","Amesbury","Rip down something old","AMESB-Project01"
"11763","TIME","SamS","3:12:00","103.08","Hourly","08/09/2013","Fix","0.000","0.00","329.86","Billable","Amherst","Take something old and make it better","AMHER-Project02"
"11764","TIME","ShawnR","6:12:00","104.09","Hourly","08/09/2013","DesignS","0.000","0.00","645.36","Billable","Andover","Noodle about a new structure","EEE-Project"
"11765","TIME","TomH","4:12:00","101.10","Hourly","08/09/2013","Bid","0.000","0.00","424.62","Override","Aquinnah","Promise you can do something great","III-Project"
"11766","TIME","CoreyM","5:12:00","102.11","Hourly","08/09/2013","Clean","0.000","0.00","530.97","Do Not Bill","Arlington","Take away wreckage and trash and then sweep up","OOO-Project"
"11767","TIME","JamesR","7:12:00","105.12","Hourly","08/09/2013","DesignL","0.000","0.00","756.86","Billable","Ashburnham","Noodle about landscape","UUU-Project"
"11768","TIME","SamS","8:12:00","103.13","Hourly","08/09/2013","Planting","0.000","0.00","845.67","Billable","Ashby","Plant all kinds of stuff",""
"11769","TIME","ShawnR","9:12:00","104.14","Hourly","08/10/2013","Lot Maintenance","0.000","0.00","958.09","Override","Ashfield","Mow, trim, dig up, and spread","AAA-Project"
"11770","TIME","TomH","10:12:00","101.15","Hourly","08/10/2013","Water Feature","0.000","0.00","1031.73","No Charge","Ashland","Make something splash and flow","ASHLA-Project01"
"11771","TIME","CoreyM","11:12:00","102.16","Hourly","08/10/2013","Pave","0.000","0.00","1144.19","Billable","Athol","Create pretty pattern with stones","ATHOL-Project02"
"11772","TIME","JamesR","1:12:00","105.17","Hourly","08/10/2013","Build Structure","0.000","0.00","126.20","Billable","Attleboro","Create something new","EEE-Project"
"11773","TIME","SamS","2:12:00","103.18","Hourly","08/10/2013","DemoS","0.000","0.00","227.00","Billable","Auburn","Rip down something old","III-Project"
"11774","TIME","ShawnR","3:12:00","104.19","Hourly","08/10/2013","Fix","0.000","0.00","333.41","Billable","Avon","Take something old and make it better","OOO-Project"
"11775","TIME","TomH","6:12:00","101.20","Hourly","08/10/2013","DesignS","0.000","0.00","627.44","Billable","Ayer","Noodle about a new structure","UUU-Project"
"11776","TIME","CoreyM","4:12:00","317.01","Hourly","08/10/2013","Bid","0.000","0.00","1331.44","Override","Barnstable","Promise you can do something great",""
"11777","TIME","JamesR","5:12:00","4.02","Hourly","08/11/2013","Clean","0.000","0.00","20.90","Do Not Bill","Barre","Take away wreckage and trash and then sweep up","AAA-Project"
"11778","TIME","SamS","7:12:00","50.03","Hourly","08/11/2013","DesignL","0.000","0.00","360.22","Billable","Becket","Noodle about landscape","BECKE-Project01"
"11779","TIME","ShawnR","8:12:00","168.04","Hourly","08/11/2013","Planting","0.000","0.00","1377.93","Billable","Bedford","Plant all kinds of stuff","BEDFO-Project02"
"11780","TIME","TomH","9:12:00","5.05","Hourly","08/11/2013","Lot Maintenance","0.000","0.00","46.46","Override","Belchertown","Mow, trim, dig up, and spread","EEE-Project"
"11781","TIME","CoreyM","10:12:00","236.06","Hourly","08/11/2013","Water Feature","0.000","0.00","2407.81","No Charge","Bellingham","Make something splash and flow","III-Project"
"11782","TIME","JamesR","11:12:00","302.07","Hourly","08/11/2013","Pave","0.000","0.00","3383.18","Billable","Belmont","Create pretty pattern with stones","OOO-Project"
"11783","TIME","SamS","1:12:00","349.08","Hourly","08/11/2013","Build Structure","0.000","0.00","418.90","Billable","Berkley","Create something new","UUU-Project"
"11784","TIME","ShawnR","2:12:00","126.09","Hourly","08/11/2013","DemoS","0.000","0.00","277.40","Billable","Berlin","Rip down something old",""
"11785","TIME","TomH","3:12:00","85.10","Hourly","08/12/2013","Fix","0.000","0.00","272.32","Billable","Bernardston","Take something old and make it better","AAA-Project"
"11786","TIME","CoreyM","6:12:00","215.11","Hourly","08/12/2013","DesignS","0.000","0.00","1333.68","Billable","Beverly","Noodle about a new structure","BEVER-Project01"
"11787","TIME","JamesR","4:12:00","190.12","Hourly","08/12/2013","Bid","0.000","0.00","798.50","Override","Billerica","Promise you can do something great","BILLE-Project02"
"11788","TIME","SamS","5:12:00","127.13","Hourly","08/12/2013","Clean","0.000","0.00","661.08","Do Not Bill","Blackstone","Take away wreckage and trash and then sweep up","EEE-Project"
"11789","TIME","ShawnR","7:12:00","6.14","Hourly","08/12/2013","DesignL","0.000","0.00","44.21","Billable","Blandford","Noodle about landscape","III-Project"
"11790","TIME","TomH","8:12:00","169.15","Hourly","08/12/2013","Planting","0.000","0.00","1387.03","Billable","Bolton","Plant all kinds of stuff","OOO-Project"
"11791","TIME","CoreyM","9:12:00","259.16","Hourly","08/12/2013","Lot Maintenance","0.000","0.00","2384.27","Override","Boston","Mow, trim, dig up, and spread","UUU-Project"
"11792","TIME","JamesR","10:12:00","306.17","Hourly","08/12/2013","Water Feature","0.000","0.00","3122.93","No Charge","Bourne","Make something splash and flow",""
"11793","TIME","SamS","11:12:00","165.18","Hourly","08/13/2013","Pave","0.000","0.00","1850.02","Billable","Boxborough","Create pretty pattern with stones","AAA-Project"
"11794","TIME","ShawnR","1:12:00","216.19","Hourly","08/13/2013","Build Structure","0.000","0.00","259.43","Billable","Boxford","Create something new","BOXFO-Project01"
"11795","TIME","TomH","2:12:00","128.20","Hourly","08/13/2013","DemoS","0.000","0.00","282.04","Billable","Boylston","Rip down something old","BOYLS-Project02"
"11796","TIME","CoreyM","3:12:00","103.01","Hourly","08/13/2013","Fix","0.000","0.00","329.63","Billable","Braintree","Take something old and make it better","EEE-Project"
"11797","TIME","JamesR","6:12:00","106.02","Hourly","08/13/2013","DesignS","0.000","0.00","657.32","Billable","Brewster","Noodle about a new structure","III-Project"
"11798","TIME","SamS","4:12:00","104.03","Hourly","08/13/2013","Bid","0.000","0.00","436.93","Override","Bridgewater","Promise you can do something great","OOO-Project"
"11799","TIME","ShawnR","5:12:00","105.04","Hourly","08/13/2013","Clean","0.000","0.00","546.21","Do Not Bill","Brimfield","Take away wreckage and trash and then sweep up","UUU-Project"
"11800","TIME","TomH","7:12:00","107.05","Hourly","08/13/2013","DesignL","0.000","0.00","770.76","Billable","Brockton","Noodle about landscape",""
"11801","TIME","CoreyM","8:12:00","108.06","Hourly","08/14/2013","Planting","0.000","0.00","886.09","Billable","Brookfield","Plant all kinds of stuff","AAA-Project"
"11802","TIME","JamesR","9:12:00","109.07","Hourly","08/14/2013","Lot Maintenance","0.000","0.00","1003.44","Override","Brookline","Mow, trim, dig up, and spread","BROOK-Project01"
"11803","TIME","SamS","10:12:00","110.08","Hourly","08/14/2013","Water Feature","0.000","0.00","1122.82","No Charge","Buckland","Make something splash and flow","BUCKL-Project02"
"11804","TIME","ShawnR","11:12:00","111.09","Hourly","08/14/2013","Pave","0.000","0.00","1244.21","Billable","Burlington","Create pretty pattern with stones","EEE-Project"
"11805","TIME","TomH","1:12:00","101.10","Hourly","08/14/2013","Build Structure","0.000","0.00","121.32","Billable","Cambridge","Create something new","III-Project"
"11806","TIME","CoreyM","2:12:00","102.11","Hourly","08/14/2013","DemoS","0.000","0.00","224.64","Billable","Canton","Rip down something old","OOO-Project"
"11807","TIME","JamesR","3:12:00","103.12","Hourly","08/14/2013","Fix","0.000","0.00","329.98","Billable","Carlisle","Take something old and make it better","UUU-Project"
"11808","TIME","SamS","6:12:00","106.13","Hourly","08/14/2013","DesignS","0.000","0.00","658.01","Billable","Carver","Noodle about a new structure",""
"11809","TIME","ShawnR","4:12:00","104.14","Hourly","08/15/2013","Bid","0.000","0.00","437.39","Override","Charlemont","Promise you can do something great","AAA-Project"
"11810","TIME","TomH","5:12:00","105.15","Hourly","08/15/2013","Clean","0.000","0.00","546.78","Do Not Bill","Charlton","Take away wreckage and trash and then sweep up","CHARL-Project01"
"11811","TIME","CoreyM","7:12:00","107.16","Hourly","08/15/2013","DesignL","0.000","0.00","771.55","Billable","Chatham","Noodle about landscape","CHATH-Project02"
"11812","TIME","JamesR","8:12:00","108.17","Hourly","08/15/2013","Planting","0.000","0.00","886.99","Billable","Chelmsford","Plant all kinds of stuff","EEE-Project"
"11813","TIME","SamS","9:12:00","109.18","Hourly","08/15/2013","Lot Maintenance","0.000","0.00","1004.46","Override","Chelsea","Mow, trim, dig up, and spread","III-Project"
"11814","TIME","ShawnR","10:12:00","110.19","Hourly","08/15/2013","Water Feature","0.000","0.00","1123.94","No Charge","Cheshire","Make something splash and flow","OOO-Project"
"11815","TIME","TomH","11:12:00","111.20","Hourly","08/15/2013","Pave","0.000","0.00","1245.44","Billable","Chester","Create pretty pattern with stones","UUU-Project"
"11816","TIME","CoreyM","1:12:00","102.01","Hourly","08/15/2013","Build Structure","0.000","0.00","122.41","Billable","Chesterfield","Create something new",""
"11817","TIME","JamesR","2:12:00","105.02","Hourly","08/16/2013","DemoS","0.000","0.00","231.04","Billable","Chicopee","Rip down something old","AAA-Project"
"11818","TIME","SamS","3:12:00","103.03","Hourly","08/16/2013","Fix","0.000","0.00","329.70","Billable","Chilmark","Take something old and make it better","CHILM-Project01"
"11819","TIME","ShawnR","6:12:00","104.04","Hourly","08/16/2013","DesignS","0.000","0.00","645.05","Billable","Clarksburg","Noodle about a new structure","CLARK-Project02"
"11820","TIME","TomH","4:12:00","101.05","Hourly","08/16/2013","Bid","0.000","0.00","424.41","Override","Clinton","Promise you can do something great","EEE-Project"
"11821","TIME","CoreyM","5:12:00","102.06","Hourly","08/16/2013","Clean","0.000","0.00","530.71","Do Not Bill","Cohasset","Take away wreckage and trash and then sweep up","III-Project"
"11822","TIME","JamesR","7:12:00","105.07","Hourly","08/16/2013","DesignL","0.000","0.00","756.50","Billable","Colrain","Noodle about landscape","OOO-Project"
"11823","TIME","SamS","8:12:00","103.08","Hourly","08/16/2013","Planting","0.000","0.00","845.26","Billable","Concord","Plant all kinds of stuff","UUU-Project"
"11824","TIME","ShawnR","9:12:00","104.09","Hourly","08/16/2013","Lot Maintenance","0.000","0.00","957.63","Override","Conway","Mow, trim, dig up, and spread",""
"11825","TIME","TomH","10:12:00","101.10","Hourly","08/17/2013","Water Feature","0.000","0.00","1031.22","No Charge","Cummington","Make something splash and flow","AAA-Project"
"11826","TIME","CoreyM","11:12:00","102.11","Hourly","08/17/2013","Pave","0.000","0.00","1143.63","Billable","Dalton","Create pretty pattern with stones","DALTO-Project01"
"11827","TIME","JamesR","1:12:00","105.12","Hourly","08/17/2013","Build Structure","0.000","0.00","126.14","Billable","Danvers","Create something new","DANVE-Project02"
"11828","TIME","SamS","2:12:00","103.13","Hourly","08/17/2013","DemoS","0.000","0.00","226.89","Billable","Dartmouth","Rip down something old","EEE-Project"
"11829","TIME","ShawnR","3:12:00","104.14","Hourly","08/17/2013","Fix","0.000","0.00","333.25","Billable","Dedham","Take something old and make it better","III-Project"
"11830","TIME","TomH","6:12:00","101.15","Hourly","08/17/2013","DesignS","0.000","0.00","627.13","Billable","Deerfield","Noodle about a new structure","OOO-Project"
"11831","TIME","CoreyM","4:12:00","102.16","Hourly","08/17/2013","Bid","0.000","0.00","429.07","Override","Dennis","Promise you can do something great","UUU-Project"
"11832","TIME","JamesR","5:12:00","105.17","Hourly","08/17/2013","Clean","0.000","0.00","546.88","Do Not Bill","Dighton","Take away wreckage and trash and then sweep up",""
"11833","TIME","SamS","7:12:00","103.18","Hourly","08/18/2013","DesignL","0.000","0.00","742.90","Billable","Douglas","Noodle about landscape","AAA-Project"
"11834","TIME","ShawnR","8:12:00","104.19","Hourly","08/18/2013","Planting","0.000","0.00","854.36","Billable","Dover","Plant all kinds of stuff","DOVER-Project01"
"11835","TIME","TomH","9:12:00","101.20","Hourly","08/18/2013","Lot Maintenance","0.000","0.00","931.04","Override","Dracut","Mow, trim, dig up, and spread","DRACU-Project02"
"11836","TIME","CoreyM","10:12:00","156.01","Hourly","08/18/2013","Water Feature","0.000","0.00","1591.30","No Charge","Dudley","Make something splash and flow","EEE-Project"
"11837","TIME","JamesR","11:12:00","193.02","Hourly","08/18/2013","Pave","0.000","0.00","2161.82","Billable","Dunstable","Create pretty pattern with stones","III-Project"
"11838","TIME","SamS","1:12:00","278.03","Hourly","08/18/2013","Build Structure","0.000","0.00","333.64","Billable","Duxbury","Create something new","OOO-Project"
"11839","TIME","ShawnR","2:12:00","279.04","Hourly","08/18/2013","DemoS","0.000","0.00","613.89","Billable","East.Bridgewater","Rip down something old","UUU-Project"
"11840","TIME","TomH","3:12:00","132.05","Hourly","08/18/2013","Fix","0.000","0.00","422.56","Billable","East.Brookfield","Take something old and make it better",""
"11841","TIME","CoreyM","6:12:00","14.06","Hourly","08/19/2013","DesignS","0.000","0.00","87.17","Billable","East.Longmeadow","Noodle about a new structure","AAA-Project"
"11842","TIME","JamesR","4:12:00","321.07","Hourly","08/19/2013","Bid","0.000","0.00","1348.49","Override","Eastham","Promise you can do something great","EASTH-Project01"
"11843","TIME","SamS","5:12:00","12.08","Hourly","08/19/2013","Clean","0.000","0.00","62.82","Do Not Bill","Easthampton","Take away wreckage and trash and then sweep up","EASTH-Project02"
"11844","TIME","ShawnR","7:12:00","280.09","Hourly","08/19/2013","DesignL","0.000","0.00","2016.65","Billable","Easton","Noodle about landscape","EEE-Project"
"11845","TIME","TomH","8:12:00","309.10","Hourly","08/19/2013","Planting","0.000","0.00","2534.62","Billable","Edgartown","Plant all kinds of stuff","III-Project"
"11846","TIME","CoreyM","9:12:00","75.11","Hourly","08/19/2013","Lot Maintenance","0.000","0.00","691.01","Override","Egremont","Mow, trim, dig up, and spread","OOO-Project"
"11847","TIME","JamesR","10:12:00","93.12","Hourly","08/19/2013","Water Feature","0.000","0.00","949.82","No Charge","Erving","Make something splash and flow","UUU-Project"
"11848","TIME","SamS","11:12:00","218.13","Hourly","08/19/2013","Pave","0.000","0.00","2443.06","Billable","Essex","Create pretty pattern with stones",""
"11849","TIME","ShawnR","1:12:00","263.14","Hourly","08/20/2013","Build Structure","0.000","0.00","315.77","Billable","Everett","Create something new","AAA-Project"
"11850","TIME","TomH","2:12:00","334.15","Hourly","08/20/2013","DemoS","0.000","0.00","735.13","Billable","Fairhaven","Rip down something old","EEE-Project"
"11851","TIME","CoreyM","3:12:00","335.16","Hourly","08/20/2013","Fix","0.000","0.00","1072.51","Billable","Fall River","Take something old and make it better","FALLR-Project01"
"11852","TIME","JamesR","6:12:00","310.17","Hourly","08/20/2013","DesignS","0.000","0.00","1923.05","Billable","Falmouth","Noodle about a new structure","FALMO-Project02"
"11853","TIME","SamS","4:12:00","108.18","Hourly","08/20/2013","Bid","0.000","0.00","454.36","Override","Fitchburg","Promise you can do something great","III-Project"
"11854","TIME","ShawnR","5:12:00","68.19","Hourly","08/20/2013","Clean","0.000","0.00","354.59","Do Not Bill","Florida","Take away wreckage and trash and then sweep up","OOO-Project"
"11855","TIME","TomH","7:12:00","241.20","Hourly","08/20/2013","DesignL","0.000","0.00","1736.64","Billable","Foxborough","Noodle about landscape","UUU-Project"
"11856","TIME","CoreyM","8:12:00","108.01","Hourly","08/20/2013","Planting","0.000","0.00","885.68","Billable","Framingham","Plant all kinds of stuff",""
"11857","TIME","JamesR","9:12:00","109.02","Hourly","08/21/2013","Lot Maintenance","0.000","0.00","1002.98","Override","Franklin","Mow, trim, dig up, and spread","AAA-Project"
"11858","TIME","SamS","10:12:00","110.03","Hourly","08/21/2013","Water Feature","0.000","0.00","1122.31","No Charge","Freetown","Make something splash and flow","EEE-Project"
"11859","TIME","ShawnR","11:12:00","111.04","Hourly","08/21/2013","Pave","0.000","0.00","1243.65","Billable","Gardner","Create pretty pattern with stones","GARDN-Project01"
"11860","TIME","TomH","1:12:00","101.05","Hourly","08/21/2013","Build Structure","0.000","0.00","121.26","Billable","Georgetown","Create something new","GEORG-Project02"
"11861","TIME","CoreyM","2:12:00","102.06","Hourly","08/21/2013","DemoS","0.000","0.00","224.53","Billable","Gill","Rip down something old","III-Project"
"11862","TIME","JamesR","3:12:00","103.07","Hourly","08/21/2013","Fix","0.000","0.00","329.82","Billable","Gloucester","Take something old and make it better","OOO-Project"
"11863","TIME","SamS","6:12:00","106.08","Hourly","08/21/2013","DesignS","0.000","0.00","657.70","Billable","Goshen","Noodle about a new structure","UUU-Project"
"11864","TIME","ShawnR","4:12:00","104.09","Hourly","08/21/2013","Bid","0.000","0.00","437.18","Override","Gosnold","Promise you can do something great",""
"11865","TIME","TomH","5:12:00","105.10","Hourly","08/22/2013","Clean","0.000","0.00","546.52","Do Not Bill","Grafton","Take away wreckage and trash and then sweep up","AAA-Project"
"11866","TIME","CoreyM","7:12:00","107.11","Hourly","08/22/2013","DesignL","0.000","0.00","771.19","Billable","Granby","Noodle about landscape","EEE-Project"
"11867","TIME","JamesR","8:12:00","108.12","Hourly","08/22/2013","Planting","0.000","0.00","886.58","Billable","Granville","Plant all kinds of stuff","GRANV-Project01"
"11868","TIME","SamS","9:12:00","109.13","Hourly","08/22/2013","Lot Maintenance","0.000","0.00","1004.00","Override","Great Barrington","Mow, trim, dig up, and spread","GREAT-Project02"
"11869","TIME","ShawnR","10:12:00","110.14","Hourly","08/22/2013","Water Feature","0.000","0.00","1123.43","No Charge","Greenfield","Make something splash and flow","III-Project"
"11870","TIME","TomH","11:12:00","111.15","Hourly","08/22/2013","Pave","0.000","0.00","1244.88","Billable","Groton","Create pretty pattern with stones","OOO-Project"
"11871","TIME","CoreyM","1:12:00","101.16","Hourly","08/22/2013","Build Structure","0.000","0.00","121.39","Billable","Groveland","Create something new","UUU-Project"
"11872","TIME","JamesR","2:12:00","102.17","Hourly","08/22/2013","DemoS","0.000","0.00","224.77","Billable","Hadley","Rip down something old",""
"11873","TIME","SamS","3:12:00","103.18","Hourly","08/23/2013","Fix","0.000","0.00","330.18","Billable","Halifax","Take something old and make it better","AAA-Project"
"11874","TIME","ShawnR","6:12:00","106.19","Hourly","08/23/2013","DesignS","0.000","0.00","658.38","Billable","Hamilton","Noodle about a new structure","EEE-Project"
"11875","TIME","TomH","4:12:00","104.20","Hourly","08/23/2013","Bid","0.000","0.00","437.64","Override","Hampden","Promise you can do something great","HAMPD-Project01"
"11876","TIME","CoreyM","5:12:00","102.01","Hourly","08/23/2013","Clean","0.000","0.00","530.45","Do Not Bill","Hancock","Take away wreckage and trash and then sweep up","HANCO-Project02"
"11877","TIME","JamesR","7:12:00","105.02","Hourly","08/23/2013","DesignL","0.000","0.00","756.14","Billable","Hanover","Noodle about landscape","III-Project"
"11878","TIME","SamS","8:12:00","103.03","Hourly","08/23/2013","Planting","0.000","0.00","844.85","Billable","Hanson","Plant all kinds of stuff","OOO-Project"
"11879","TIME","ShawnR","9:12:00","104.04","Hourly","08/23/2013","Lot Maintenance","0.000","0.00","957.17","Override","Hardwick","Mow, trim, dig up, and spread","UUU-Project"
"11880","TIME","TomH","10:12:00","101.05","Hourly","08/23/2013","Water Feature","0.000","0.00","1030.71","No Charge","Harvard","Make something splash and flow",""
"11881","TIME","CoreyM","11:12:00","102.06","Hourly","08/24/2013","Pave","0.000","0.00","1143.07","Billable","Harwich","Create pretty pattern with stones","AAA-Project"
"11882","TIME","JamesR","1:12:00","105.07","Hourly","08/24/2013","Build Structure","0.000","0.00","126.08","Billable","Hatfield","Create something new","EEE-Project"
"11883","TIME","SamS","2:12:00","103.08","Hourly","08/24/2013","DemoS","0.000","0.00","226.78","Billable","Haverhill","Rip down something old","HAVER-Project01"
"11884","TIME","ShawnR","3:12:00","104.09","Hourly","08/24/2013","Fix","0.000","0.00","333.09","Billable","Hawley","Take something old and make it better","HAWLE-Project02"
"11885","TIME","TomH","6:12:00","101.10","Hourly","08/24/2013","DesignS","0.000","0.00","626.82","Billable","Heath","Noodle about a new structure","III-Project"
"11886","TIME","CoreyM","4:12:00","102.11","Hourly","08/24/2013","Bid","0.000","0.00","428.86","Override","Hingham","Promise you can do something great","OOO-Project"
"11887","TIME","JamesR","5:12:00","105.12","Hourly","08/24/2013","Clean","0.000","0.00","546.62","Do Not Bill","Hinsdale","Take away wreckage and trash and then sweep up","UUU-Project"
"11888","TIME","SamS","7:12:00","103.13","Hourly","08/24/2013","DesignL","0.000","0.00","742.54","Billable","Holbrook","Noodle about landscape",""
"11889","TIME","ShawnR","8:12:00","104.14","Hourly","08/25/2013","Planting","0.000","0.00","853.95","Billable","Holden","Plant all kinds of stuff","AAA-Project"
"11890","TIME","TomH","9:12:00","101.15","Hourly","08/25/2013","Lot Maintenance","0.000","0.00","930.58","Override","Holland","Mow, trim, dig up, and spread","EEE-Project"
"11891","TIME","CoreyM","10:12:00","102.16","Hourly","08/25/2013","Water Feature","0.000","0.00","1042.03","No Charge","Holliston","Make something splash and flow","HOLLI-Project01"
"11892","TIME","JamesR","11:12:00","105.17","Hourly","08/25/2013","Pave","0.000","0.00","1177.90","Billable","Holyoke","Create pretty pattern with stones","HOLYO-Project02"
"11893","TIME","SamS","1:12:00","103.18","Hourly","08/25/2013","Build Structure","0.000","0.00","123.82","Billable","Hopedale","Create something new","III-Project"
"11894","TIME","ShawnR","2:12:00","104.19","Hourly","08/25/2013","DemoS","0.000","0.00","229.22","Billable","Hopkinton","Rip down something old","OOO-Project"
"11895","TIME","TomH","3:12:00","101.20","Hourly","08/25/2013","Fix","0.000","0.00","323.84","Billable","Hubbardston","Take something old and make it better","UUU-Project"
"11896","TIME","CoreyM","6:12:00","175.01","Hourly","08/25/2013","DesignS","0.000","0.00","1085.06","Billable","Hudson","Noodle about a new structure",""
"11897","TIME","JamesR","4:12:00","244.02","Hourly","08/26/2013","Bid","0.000","0.00","1024.88","Override","Hull","Promise you can do something great","AAA-Project"
"11898","TIME","SamS","5:12:00","23.03","Hourly","08/26/2013","Clean","0.000","0.00","119.76","Do Not Bill","Huntington","Take away wreckage and trash and then sweep up","EEE-Project"
"11899","TIME","ShawnR","7:12:00","221.04","Hourly","08/26/2013","DesignL","0.000","0.00","1591.49","Billable","Ipswich","Noodle about landscape","III-Project"
"11900","TIME","TomH","8:12:00","290.05","Hourly","08/26/2013","Planting","0.000","0.00","2378.41","Billable","Kingston","Plant all kinds of stuff","KINGS-Project01"
"11901","TIME","CoreyM","9:12:00","286.06","Hourly","08/26/2013","Lot Maintenance","0.000","0.00","2631.75","Override","Lakeville","Mow, trim, dig up, and spread","LAKEV-Project02"
"11902","TIME","JamesR","10:12:00","137.07","Hourly","08/26/2013","Water Feature","0.000","0.00","1398.11","No Charge","Lancaster","Make something splash and flow","OOO-Project"
"11903","TIME","SamS","11:12:00","59.08","Hourly","08/26/2013","Pave","0.000","0.00","661.70","Billable","Lanesborough","Create pretty pattern with stones","UUU-Project"
"11904","TIME","ShawnR","1:12:00","197.09","Hourly","08/26/2013","Build Structure","0.000","0.00","236.51","Billable","Lawrence","Create something new",""
"11905","TIME","TomH","2:12:00","61.10","Hourly","08/27/2013","DemoS","0.000","0.00","134.42","Billable","Lee","Rip down something old","AAA-Project"
"11906","TIME","CoreyM","3:12:00","138.11","Hourly","08/27/2013","Fix","0.000","0.00","441.95","Billable","Leicester","Take something old and make it better","EEE-Project"
"11907","TIME","JamesR","6:12:00","62.12","Hourly","08/27/2013","DesignS","0.000","0.00","385.14","Billable","Lenox","Noodle about a new structure","III-Project"
"11908","TIME","SamS","4:12:00","117.13","Hourly","08/27/2013","Bid","0.000","0.00","491.95","Override","Leominster","Promise you can do something great","LEOMI-Project01"
"11909","TIME","ShawnR","5:12:00","24.14","Hourly","08/27/2013","Clean","0.000","0.00","125.53","Do Not Bill","Leverett","Take away wreckage and trash and then sweep up","LEVER-Project02"
"11910","TIME","TomH","7:12:00","296.15","Hourly","08/27/2013","DesignL","0.000","0.00","2132.28","Billable","Lexington","Noodle about landscape","OOO-Project"
"11911","TIME","CoreyM","8:12:00","86.16","Hourly","08/27/2013","Planting","0.000","0.00","706.51","Billable","Leyden","Plant all kinds of stuff","UUU-Project"
"11912","TIME","JamesR","9:12:00","183.17","Hourly","08/27/2013","Lot Maintenance","0.000","0.00","1685.16","Override","Lincoln","Mow, trim, dig up, and spread",""
"11913","TIME","SamS","10:12:00","118.18","Hourly","08/28/2013","Water Feature","0.000","0.00","1205.44","No Charge","Littleton","Make something splash and flow","AAA-Project"
"11914","TIME","ShawnR","11:12:00","47.19","Hourly","08/28/2013","Pave","0.000","0.00","528.53","Billable","Longmeadow","Create pretty pattern with stones","EEE-Project"
"11915","TIME","TomH","1:12:00","200.20","Hourly","08/28/2013","Build Structure","0.000","0.00","240.24","Billable","Lowell","Create something new","III-Project"
"11916","TIME","CoreyM","2:12:00","102.01","Hourly","08/28/2013","DemoS","0.000","0.00","224.42","Billable","Ludlow","Rip down something old","LUDLO-Project01"
"11917","TIME","JamesR","3:12:00","103.02","Hourly","08/28/2013","Fix","0.000","0.00","329.66","Billable","Lunenburg","Take something old and make it better","LUNEN-Project02"
"11918","TIME","SamS","6:12:00","106.03","Hourly","08/28/2013","DesignS","0.000","0.00","657.39","Billable","Lynn","Noodle about a new structure","OOO-Project"
"11919","TIME","ShawnR","4:12:00","104.04","Hourly","08/28/2013","Bid","0.000","0.00","436.97","Override","Lynnfield","Promise you can do something great","UUU-Project"
"11920","TIME","TomH","5:12:00","105.05","Hourly","08/28/2013","Clean","0.000","0.00","546.26","Do Not Bill","Malden","Take away wreckage and trash and then sweep up",""
"11921","TIME","CoreyM","7:12:00","107.06","Hourly","08/29/2013","DesignL","0.000","0.00","770.83","Billable","Manchester-by-the-Sea","Noodle about landscape","AAA-Project"
"11922","TIME","JamesR","8:12:00","108.07","Hourly","08/29/2013","Planting","0.000","0.00","886.17","Billable","Mansfield","Plant all kinds of stuff","EEE-Project"
"11923","TIME","SamS","9:12:00","109.08","Hourly","08/29/2013","Lot Maintenance","0.000","0.00","1003.54","Override","Marblehead","Mow, trim, dig up, and spread","III-Project"
"11924","TIME","ShawnR","10:12:00","110.09","Hourly","08/29/2013","Water Feature","0.000","0.00","1122.92","No Charge","Marion","Make something splash and flow","MARIO-Project01"
"11925","TIME","TomH","11:12:00","111.10","Hourly","08/29/2013","Pave","0.000","0.00","1244.32","Billable","Marlborough","Create pretty pattern with stones","MARLB-Project02"
"11926","TIME","CoreyM","1:12:00","101.11","Hourly","08/29/2013","Build Structure","0.000","0.00","121.33","Billable","Marshfield","Create something new","OOO-Project"
"11927","TIME","JamesR","2:12:00","102.12","Hourly","08/29/2013","DemoS","0.000","0.00","224.66","Billable","Mashpee","Rip down something old","UUU-Project"
"11928","TIME","SamS","3:12:00","103.13","Hourly","08/29/2013","Fix","0.000","0.00","330.02","Billable","Mattapoisett","Take something old and make it better",""
"11929","TIME","ShawnR","6:12:00","106.14","Hourly","08/30/2013","DesignS","0.000","0.00","658.07","Billable","Maynard","Noodle about a new structure","AAA-Project"
"11930","TIME","TomH","4:12:00","104.15","Hourly","08/30/2013","Bid","0.000","0.00","437.43","Override","Medfield","Promise you can do something great","EEE-Project"
"11931","TIME","CoreyM","5:12:00","105.16","Hourly","08/30/2013","Clean","0.000","0.00","546.83","Do Not Bill","Medford","Take away wreckage and trash and then sweep up","III-Project"
"11932","TIME","JamesR","7:12:00","107.17","Hourly","08/30/2013","DesignL","0.000","0.00","771.62","Billable","Medway","Noodle about landscape","MEDWA-Project01"
"11933","TIME","SamS","8:12:00","108.18","Hourly","08/30/2013","Planting","0.000","0.00","887.08","Billable","Melrose","Plant all kinds of stuff","MELRO-Project02"
"11934","TIME","ShawnR","9:12:00","109.19","Hourly","08/30/2013","Lot Maintenance","0.000","0.00","1004.55","Override","Mendon","Mow, trim, dig up, and spread","OOO-Project"
"11935","TIME","TomH","10:12:00","110.20","Hourly","08/30/2013","Water Feature","0.000","0.00","1124.04","No Charge","Merrimac","Make something splash and flow","UUU-Project"
"11936","TIME","CoreyM","11:12:00","102.01","Hourly","08/30/2013","Pave","0.000","0.00","1142.51","Billable","Methuen","Create pretty pattern with stones",""
"11937","TIME","JamesR","1:12:00","105.02","Hourly","08/31/2013","Build Structure","0.000","0.00","126.02","Billable","Middleborough","Create something new","AAA-Project"
"11938","TIME","SamS","2:12:00","103.03","Hourly","08/31/2013","DemoS","0.000","0.00","226.67","Billable","Middlefield","Rip down something old","EEE-Project"
"11939","TIME","ShawnR","3:12:00","104.04","Hourly","08/31/2013","Fix","0.000","0.00","332.93","Billable","Middleton","Take something old and make it better","III-Project"
"11940","TIME","TomH","6:12:00","101.05","Hourly","08/31/2013","DesignS","0.000","0.00","626.51","Billable","Milford","Noodle about a new structure","MILFO-Project01"
"11941","TIME","CoreyM","4:12:00","102.06","Hourly","08/31/2013","Bid","0.000","0.00","428.65","Override","Millbury","Promise you can do something great","MILLB-Project02"
"11942","TIME","JamesR","5:12:00","105.07","Hourly","08/31/2013","Clean","0.000","0.00","546.36","Do Not Bill","Millis","Take away wreckage and trash and then sweep up","OOO-Project"
"11943","TIME","SamS","7:12:00","103.08","Hourly","08/31/2013","DesignL","0.000","0.00","742.18","Billable","Millville","Noodle about landscape","UUU-Project"
"11944","TIME","ShawnR","8:12:00","104.09","Hourly","08/31/2013","Planting","0.000","0.00","853.54","Billable","Milton","Plant all kinds of stuff",""
"11945","TIME","TomH","9:12:00","101.10","Hourly","09/01/2013","Lot Maintenance","0.000","0.00","930.12","Override","Monroe","Mow, trim, dig up, and spread","AAA-Project"
"11946","TIME","CoreyM","10:12:00","102.11","Hourly","09/01/2013","Water Feature","0.000","0.00","1041.52","No Charge","Monson","Make something splash and flow","EEE-Project"
"11947","TIME","JamesR","11:12:00","105.12","Hourly","09/01/2013","Pave","0.000","0.00","1177.34","Billable","Montague","Create pretty pattern with stones","III-Project"
"11948","TIME","SamS","1:12:00","103.13","Hourly","09/01/2013","Build Structure","0.000","0.00","123.76","Billable","Monterey","Create something new","MONTE-Project01"
"11949","TIME","ShawnR","2:12:00","104.14","Hourly","09/01/2013","DemoS","0.000","0.00","229.11","Billable","Montgomery","Rip down something old","MONTG-Project02"
"11950","TIME","TomH","3:12:00","101.15","Hourly","09/01/2013","Fix","0.000","0.00","323.68","Billable","Mount Washington","Take something old and make it better","OOO-Project"
"11951","TIME","CoreyM","6:12:00","102.16","Hourly","09/01/2013","DesignS","0.000","0.00","633.39","Billable","Nahant","Noodle about a new structure","UUU-Project"
"11952","TIME","JamesR","4:12:00","105.17","Hourly","09/01/2013","Bid","0.000","0.00","441.71","Override","Nantucket","Promise you can do something great",""
"11953","TIME","SamS","5:12:00","103.18","Hourly","09/02/2013","Clean","0.000","0.00","536.54","Do Not Bill","Natick","Take away wreckage and trash and then sweep up","AAA-Project"
"11954","TIME","ShawnR","7:12:00","104.19","Hourly","09/02/2013","DesignL","0.000","0.00","750.17","Billable","Needham","Noodle about landscape","EEE-Project"
"11955","TIME","TomH","8:12:00","101.20","Hourly","09/02/2013","Planting","0.000","0.00","829.84","Billable","New Ashford","Plant all kinds of stuff","III-Project"
"11956","TIME","CoreyM","9:12:00","339.01","Hourly","09/02/2013","Lot Maintenance","0.000","0.00","3118.89","Override","New Bedford","Mow, trim, dig up, and spread","NEWBE-Project01"
"11957","TIME","JamesR","10:12:00","141.02","Hourly","09/02/2013","Water Feature","0.000","0.00","1438.40","No Charge","New Braintree","Make something splash and flow","NEWBR-Project02"
"11958","TIME","SamS","11:12:00","64.03","Hourly","09/02/2013","Pave","0.000","0.00","717.14","Billable","New Marlborough","Create pretty pattern with stones","OOO-Project"
"11959","TIME","ShawnR","1:12:00","98.04","Hourly","09/02/2013","Build Structure","0.000","0.00","117.65","Billable","New Salem","Create something new","UUU-Project"
"11960","TIME","TomH","2:12:00","227.05","Hourly","09/02/2013","DemoS","0.000","0.00","499.51","Billable","Newbury","Rip down something old",""
"11961","TIME","CoreyM","3:12:00","226.06","Hourly","09/03/2013","Fix","0.000","0.00","723.39","Billable","Newburyport","Take something old and make it better","AAA-Project"
"11962","TIME","JamesR","6:12:00","299.07","Hourly","09/03/2013","DesignS","0.000","0.00","1854.23","Billable","Newton","Noodle about a new structure","EEE-Project"
"11963","TIME","SamS","4:12:00","250.08","Hourly","09/03/2013","Bid","0.000","0.00","1050.34","Override","Norfolk","Promise you can do something great","III-Project"
"11964","TIME","ShawnR","5:12:00","66.09","Hourly","09/03/2013","Clean","0.000","0.00","343.67","Do Not Bill","North.Adams","Take away wreckage and trash and then sweep up","NORTH-Project01"
"11965","TIME","TomH","7:12:00","199.10","Hourly","09/03/2013","DesignL","0.000","0.00","1433.52","Billable","North.Andover","Noodle about landscape","NORTH-Project02"
"11966","TIME","CoreyM","8:12:00","341.11","Hourly","09/03/2013","Planting","0.000","0.00","2797.10","Billable","North.Attleborough","Plant all kinds of stuff","OOO-Project"
"11967","TIME","JamesR","9:12:00","144.12","Hourly","09/03/2013","Lot Maintenance","0.000","0.00","1325.90","Override","North.Brookfield","Mow, trim, dig up, and spread","UUU-Project"
"11968","TIME","SamS","10:12:00","202.13","Hourly","09/03/2013","Water Feature","0.000","0.00","2061.73","No Charge","North.Reading","Make something splash and flow",""
"11969","TIME","ShawnR","11:12:00","27.14","Hourly","09/04/2013","Pave","0.000","0.00","303.97","Billable","Northampton","Create pretty pattern with stones","AAA-Project"
"11970","TIME","TomH","1:12:00","142.15","Hourly","09/04/2013","Build Structure","0.000","0.00","170.58","Billable","Northborough","Create something new","EEE-Project"
"11971","TIME","CoreyM","2:12:00","143.16","Hourly","09/04/2013","DemoS","0.000","0.00","314.95","Billable","Northbridge","Rip down something old","III-Project"
"11972","TIME","JamesR","3:12:00","99.17","Hourly","09/04/2013","Fix","0.000","0.00","317.34","Billable","Northfield","Take something old and make it better","NORTH-Project01"
"11973","TIME","SamS","6:12:00","343.18","Hourly","09/04/2013","DesignS","0.000","0.00","2127.72","Billable","Norton","Noodle about a new structure","NORTO-Project02"
"11974","TIME","ShawnR","4:12:00","251.19","Hourly","09/04/2013","Bid","0.000","0.00","1055.00","Override","Norwell","Promise you can do something great","OOO-Project"
"11975","TIME","TomH","5:12:00","252.20","Hourly","09/04/2013","Clean","0.000","0.00","1311.44","Do Not Bill","Norwood","Take away wreckage and trash and then sweep up","UUU-Project"
"11976","TIME","CoreyM","7:12:00","107.01","Hourly","09/04/2013","DesignL","0.000","0.00","770.47","Billable","Oak Bluffs","Noodle about landscape",""
"11977","TIME","JamesR","8:12:00","108.02","Hourly","09/05/2013","Planting","0.000","0.00","885.76","Billable","Oakham","Plant all kinds of stuff","AAA-Project"
"11978","TIME","SamS","9:12:00","109.03","Hourly","09/05/2013","Lot Maintenance","0.000","0.00","1003.08","Override","Orange","Mow, trim, dig up, and spread","EEE-Project"
"11979","TIME","ShawnR","10:12:00","110.04","Hourly","09/05/2013","Water Feature","0.000","0.00","1122.41","No Charge","Orleans","Make something splash and flow","III-Project"
"11980","TIME","TomH","11:12:00","111.05","Hourly","09/05/2013","Pave","0.000","0.00","1243.76","Billable","Otis","Create pretty pattern with stones","OOO-Project"
"11981","TIME","CoreyM","1:12:00","101.06","Hourly","09/05/2013","Build Structure","0.000","0.00","121.27","Billable","Oxford","Create something new","OXFOR-Project01"
"11982","TIME","JamesR","2:12:00","102.07","Hourly","09/05/2013","DemoS","0.000","0.00","224.55","Billable","Palmer","Rip down something old","PALME-Project02"
"11983","TIME","SamS","3:12:00","103.08","Hourly","09/05/2013","Fix","0.000","0.00","329.86","Billable","Paxton","Take something old and make it better","UUU-Project"
"11984","TIME","ShawnR","6:12:00","106.09","Hourly","09/05/2013","DesignS","0.000","0.00","657.76","Billable","Peabody","Noodle about a new structure",""
"11985","TIME","TomH","4:12:00","104.10","Hourly","09/06/2013","Bid","0.000","0.00","437.22","Override","Pelham","Promise you can do something great","AAA-Project"
"11986","TIME","CoreyM","5:12:00","105.11","Hourly","09/06/2013","Clean","0.000","0.00","546.57","Do Not Bill","Pembroke","Take away wreckage and trash and then sweep up","EEE-Project"
"11987","TIME","JamesR","7:12:00","107.12","Hourly","09/06/2013","DesignL","0.000","0.00","771.26","Billable","Pepperell","Noodle about landscape","III-Project"
"11988","TIME","SamS","8:12:00","108.13","Hourly","09/06/2013","Planting","0.000","0.00","886.67","Billable","Peru","Plant all kinds of stuff","OOO-Project"
"11989","TIME","ShawnR","9:12:00","109.14","Hourly","09/06/2013","Lot Maintenance","0.000","0.00","1004.09","Override","Petersham","Mow, trim, dig up, and spread","PETER-Project01"
"11990","TIME","TomH","10:12:00","110.15","Hourly","09/06/2013","Water Feature","0.000","0.00","1123.53","No Charge","Phillipston","Make something splash and flow","PHILL-Project02"
"11991","TIME","CoreyM","11:12:00","111.16","Hourly","09/06/2013","Pave","0.000","0.00","1244.99","Billable","Pittsfield","Create pretty pattern with stones","UUU-Project"
"11992","TIME","JamesR","1:12:00","101.17","Hourly","09/06/2013","Build Structure","0.000","0.00","121.40","Billable","Plainfield","Create something new",""
"11993","TIME","SamS","2:12:00","102.18","Hourly","09/07/2013","DemoS","0.000","0.00","224.80","Billable","Plainville","Rip down something old","AAA-Project"
"11994","TIME","ShawnR","3:12:00","103.19","Hourly","09/07/2013","Fix","0.000","0.00","330.21","Billable","Plymouth","Take something old and make it better","EEE-Project"
"11995","TIME","TomH","6:12:00","106.20","Hourly","09/07/2013","DesignS","0.000","0.00","658.44","Billable","Plympton","Noodle about a new structure","III-Project"
"11996","TIME","CoreyM","4:12:00","102.01","Hourly","09/07/2013","Bid","0.000","0.00","428.44","Override","Princeton","Promise you can do something great","OOO-Project"
"11997","TIME","JamesR","5:12:00","105.02","Hourly","09/07/2013","Clean","0.000","0.00","546.10","Do Not Bill","Provincetown","Take away wreckage and trash and then sweep up","PROVI-Project01"
"11998","TIME","SamS","7:12:00","103.03","Hourly","09/07/2013","DesignL","0.000","0.00","741.82","Billable","Quincy","Noodle about landscape","QUINC-Project02"
"11999","TIME","ShawnR","8:12:00","104.04","Hourly","09/07/2013","Planting","0.000","0.00","853.13","Billable","Randolph","Plant all kinds of stuff","UUU-Project"
"12000","TIME","TomH","9:12:00","101.05","Hourly","09/07/2013","Lot Maintenance","0.000","0.00","929.66","Override","Raynham","Mow, trim, dig up, and spread",""
"12001","TIME","CoreyM","10:12:00","102.06","Hourly","09/08/2013","Water Feature","0.000","0.00","1041.01","No Charge","Reading","Make something splash and flow","AAA-Project"
"12002","TIME","JamesR","11:12:00","105.07","Hourly","09/08/2013","Pave","0.000","0.00","1176.78","Billable","Rehoboth","Create pretty pattern with stones","EEE-Project"
"12003","TIME","SamS","1:12:00","103.08","Hourly","09/08/2013","Build Structure","0.000","0.00","123.70","Billable","Revere","Create something new","III-Project"
"12004","TIME","ShawnR","2:12:00","104.09","Hourly","09/08/2013","DemoS","0.000","0.00","229.00","Billable","Richmond","Rip down something old","OOO-Project"
"12005","TIME","TomH","3:12:00","101.10","Hourly","09/08/2013","Fix","0.000","0.00","323.52","Billable","Rochester","Take something old and make it better","ROCHE-Project01"
"12006","TIME","CoreyM","6:12:00","102.11","Hourly","09/08/2013","DesignS","0.000","0.00","633.08","Billable","Rockland","Noodle about a new structure","ROCKL-Project02"
"12007","TIME","JamesR","4:12:00","105.12","Hourly","09/08/2013","Bid","0.000","0.00","441.50","Override","Rockport","Promise you can do something great","UUU-Project"
"12008","TIME","SamS","5:12:00","103.13","Hourly","09/08/2013","Clean","0.000","0.00","536.28","Do Not Bill","Rowe","Take away wreckage and trash and then sweep up",""
"12009","TIME","ShawnR","7:12:00","104.14","Hourly","09/09/2013","DesignL","0.000","0.00","749.81","Billable","Rowley","Noodle about landscape","AAA-Project"
"12010","TIME","TomH","8:12:00","101.15","Hourly","09/09/2013","Planting","0.000","0.00","829.43","Billable","Royalston","Plant all kinds of stuff","EEE-Project"
"12011","TIME","CoreyM","9:12:00","102.16","Hourly","09/09/2013","Lot Maintenance","0.000","0.00","939.87","Override","Russell","Mow, trim, dig up, and spread","III-Project"
"12012","TIME","JamesR","10:12:00","105.17","Hourly","09/09/2013","Water Feature","0.000","0.00","1072.73","No Charge","Rutland","Make something splash and flow","OOO-Project"
"12013","TIME","SamS","11:12:00","103.18","Hourly","09/09/2013","Pave","0.000","0.00","1155.62","Billable","Salem","Create pretty pattern with stones","SALEM-Project01"
"12014","TIME","ShawnR","1:12:00","104.19","Hourly","09/09/2013","Build Structure","0.000","0.00","125.03","Billable","Salisbury","Create something new","SALIS-Project02"
"12015","TIME","TomH","2:12:00","101.20","Hourly","09/09/2013","DemoS","0.000","0.00","222.64","Billable","Sandisfield","Rip down something old","UUU-Project"
"12016","TIME","CoreyM","3:12:00","313.01","Hourly","09/09/2013","Fix","0.000","0.00","1001.63","Billable","Sandwich","Take something old and make it better",""
"12017","TIME","JamesR","6:12:00","211.02","Hourly","09/10/2013","DesignS","0.000","0.00","1308.32","Billable","Saugus","Noodle about a new structure","AAA-Project"
"12018","TIME","SamS","4:12:00","72.03","Hourly","09/10/2013","Bid","0.000","0.00","302.53","Override","Savoy","Promise you can do something great","EEE-Project"
"12019","TIME","ShawnR","5:12:00","253.04","Hourly","09/10/2013","Clean","0.000","0.00","1315.81","Do Not Bill","Scituate","Take away wreckage and trash and then sweep up","III-Project"
"12020","TIME","TomH","7:12:00","347.05","Hourly","09/10/2013","DesignL","0.000","0.00","2498.76","Billable","Seekonk","Noodle about landscape","OOO-Project"
"12021","TIME","CoreyM","8:12:00","254.06","Hourly","09/10/2013","Planting","0.000","0.00","2083.29","Billable","Sharon","Plant all kinds of stuff","SHARO-Project01"
"12022","TIME","JamesR","9:12:00","73.07","Hourly","09/10/2013","Lot Maintenance","0.000","0.00","672.24","Override","Sheffield","Mow, trim, dig up, and spread","SHEFF-Project02"
"12023","TIME","SamS","10:12:00","104.08","Hourly","09/10/2013","Water Feature","0.000","0.00","1061.62","No Charge","Shelburne","Make something splash and flow","UUU-Project"
"12024","TIME","ShawnR","11:12:00","181.09","Hourly","09/10/2013","Pave","0.000","0.00","2028.21","Billable","Sherborn","Create pretty pattern with stones",""
"12025","TIME","TomH","1:12:00","121.10","Hourly","09/11/2013","Build Structure","0.000","0.00","145.32","Billable","Shirley","Create something new","AAA-Project"
"12026","TIME","CoreyM","2:12:00","148.11","Hourly","09/11/2013","DemoS","0.000","0.00","325.84","Billable","Shrewsbury","Rip down something old","EEE-Project"
"12027","TIME","JamesR","3:12:00","32.12","Hourly","09/11/2013","Fix","0.000","0.00","102.78","Billable","Shutesbury","Take something old and make it better","III-Project"
"12028","TIME","SamS","6:12:00","336.13","Hourly","09/11/2013","DesignS","0.000","0.00","2084.01","Billable","Somerset","Noodle about a new structure","OOO-Project"
"12029","TIME","ShawnR","4:12:00","261.14","Hourly","09/11/2013","Bid","0.000","0.00","1096.79","Override","Somerville","Promise you can do something great","SOMER-Project01"
"12030","TIME","TomH","5:12:00","34.15","Hourly","09/11/2013","Clean","0.000","0.00","177.58","Do Not Bill","South.Hadley","Take away wreckage and trash and then sweep up","SOUTH-Project02"
"12031","TIME","CoreyM","7:12:00","33.16","Hourly","09/11/2013","DesignL","0.000","0.00","238.75","Billable","Southampton","Noodle about landscape","UUU-Project"
"12032","TIME","JamesR","8:12:00","182.17","Hourly","09/11/2013","Planting","0.000","0.00","1493.79","Billable","Southborough","Plant all kinds of stuff",""
"12033","TIME","SamS","9:12:00","149.18","Hourly","09/12/2013","Lot Maintenance","0.000","0.00","1372.46","Override","Southbridge","Mow, trim, dig up, and spread","AAA-Project"
"12034","TIME","ShawnR","10:12:00","35.19","Hourly","09/12/2013","Water Feature","0.000","0.00","358.94","No Charge","Southwick","Make something splash and flow","EEE-Project"
"12035","TIME","TomH","11:12:00","150.20","Hourly","09/12/2013","Pave","0.000","0.00","1682.24","Billable","Spencer","Create pretty pattern with stones","III-Project"
"12036","TIME","CoreyM","1:12:00","101.01","Hourly","09/12/2013","Build Structure","0.000","0.00","121.21","Billable","Springfield","Create something new","OOO-Project"
"12037","TIME","JamesR","2:12:00","102.02","Hourly","09/12/2013","DemoS","0.000","0.00","224.44","Billable","Sterling","Rip down something old","STERL-Project01"
"12038","TIME","SamS","3:12:00","103.03","Hourly","09/12/2013","Fix","0.000","0.00","329.70","Billable","Stockbridge","Take something old and make it better","STOCK-Project02"
"12039","TIME","ShawnR","6:12:00","106.04","Hourly","09/12/2013","DesignS","0.000","0.00","657.45","Billable","Stoneham","Noodle about a new structure","UUU-Project"
"12040","TIME","TomH","4:12:00","104.05","Hourly","09/12/2013","Bid","0.000","0.00","437.01","Override","Stoughton","Promise you can do something great",""
"12041","TIME","CoreyM","5:12:00","105.06","Hourly","09/13/2013","Clean","0.000","0.00","546.31","Do Not Bill","Stow","Take away wreckage and trash and then sweep up","AAA-Project"
"12042","TIME","JamesR","7:12:00","107.07","Hourly","09/13/2013","DesignL","0.000","0.00","770.90","Billable","Sturbridge","Noodle about landscape","EEE-Project"
"12043","TIME","SamS","8:12:00","108.08","Hourly","09/13/2013","Planting","0.000","0.00","886.26","Billable","Sudbury","Plant all kinds of stuff","III-Project"
"12044","TIME","ShawnR","9:12:00","109.09","Hourly","09/13/2013","Lot Maintenance","0.000","0.00","1003.63","Override","Sunderland","Mow, trim, dig up, and spread","OOO-Project"
"12045","TIME","TomH","10:12:00","110.10","Hourly","09/13/2013","Water Feature","0.000","0.00","1123.02","No Charge","Sutton","Make something splash and flow","SUTTO-Project01"
"12046","TIME","CoreyM","11:12:00","111.11","Hourly","09/13/2013","Pave","0.000","0.00","1244.43","Billable","Swampscott","Create pretty pattern with stones","SWAMP-Project02"
"12047","TIME","JamesR","1:12:00","101.12","Hourly","09/13/2013","Build Structure","0.000","0.00","121.34","Billable","Swansea","Create something new","UUU-Project"
"12048","TIME","SamS","2:12:00","102.13","Hourly","09/13/2013","DemoS","0.000","0.00","224.69","Billable","Taunton","Rip down something old",""
"12049","TIME","ShawnR","3:12:00","103.14","Hourly","09/14/2013","Fix","0.000","0.00","330.05","Billable","Templeton","Take something old and make it better","AAA-Project"
"12050","TIME","TomH","6:12:00","106.15","Hourly","09/14/2013","DesignS","0.000","0.00","658.13","Billable","Tewksbury","Noodle about a new structure","EEE-Project"
"12051","TIME","CoreyM","4:12:00","104.16","Hourly","09/14/2013","Bid","0.000","0.00","437.47","Override","Tisbury","Promise you can do something great","III-Project"
"12052","TIME","JamesR","5:12:00","105.17","Hourly","09/14/2013","Clean","0.000","0.00","546.88","Do Not Bill","Tolland","Take away wreckage and trash and then sweep up","OOO-Project"
"12053","TIME","SamS","7:12:00","107.18","Hourly","09/14/2013","DesignL","0.000","0.00","771.70","Billable","Topsfield","Noodle about landscape","TOPSF-Project01"
"12054","TIME","ShawnR","8:12:00","108.19","Hourly","09/14/2013","Planting","0.000","0.00","887.16","Billable","Townsend","Plant all kinds of stuff","TOWNS-Project02"
"12055","TIME","TomH","9:12:00","109.20","Hourly","09/14/2013","Lot Maintenance","0.000","0.00","1004.64","Override","Truro","Mow, trim, dig up, and spread","UUU-Project"
"12056","TIME","CoreyM","10:12:00","102.01","Hourly","09/14/2013","Water Feature","0.000","0.00","1040.50","No Charge","Tyngsborough","Make something splash and flow",""
"12057","TIME","JamesR","11:12:00","105.02","Hourly","09/15/2013","Pave","0.000","0.00","1176.22","Billable","Tyringham","Create pretty pattern with stones","AAA-Project"
"12058","TIME","SamS","1:12:00","103.03","Hourly","09/15/2013","Build Structure","0.000","0.00","123.64","Billable","Upton","Create something new","EEE-Project"
"12059","TIME","ShawnR","2:12:00","104.04","Hourly","09/15/2013","DemoS","0.000","0.00","228.89","Billable","Uxbridge","Rip down something old","III-Project"
"12060","TIME","TomH","3:12:00","101.05","Hourly","09/15/2013","Fix","0.000","0.00","323.36","Billable","Wakefield","Take something old and make it better","OOO-Project"
"12061","TIME","CoreyM","6:12:00","102.06","Hourly","09/15/2013","DesignS","0.000","0.00","632.77","Billable","Wales","Noodle about a new structure","UUU-Project"
"12062","TIME","JamesR","4:12:00","105.07","Hourly","09/15/2013","Bid","0.000","0.00","441.29","Override","Walpole","Promise you can do something great","WALPO-Project01"
"12063","TIME","SamS","5:12:00","103.08","Hourly","09/15/2013","Clean","0.000","0.00","536.02","Do Not Bill","Waltham","Take away wreckage and trash and then sweep up","WALTH-Project02"
"12064","TIME","ShawnR","7:12:00","104.09","Hourly","09/15/2013","DesignL","0.000","0.00","749.45","Billable","Ware","Noodle about landscape",""
"12065","TIME","TomH","8:12:00","101.10","Hourly","09/16/2013","Planting","0.000","0.00","829.02","Billable","Wareham","Plant all kinds of stuff","AAA-Project"
"12066","TIME","CoreyM","9:12:00","102.11","Hourly","09/16/2013","Lot Maintenance","0.000","0.00","939.41","Override","Warren","Mow, trim, dig up, and spread","EEE-Project"
"12067","TIME","JamesR","10:12:00","105.12","Hourly","09/16/2013","Water Feature","0.000","0.00","1072.22","No Charge","Warwick","Make something splash and flow","III-Project"
"12068","TIME","SamS","11:12:00","103.13","Hourly","09/16/2013","Pave","0.000","0.00","1155.06","Billable","Washington","Create pretty pattern with stones","OOO-Project"
"12069","TIME","ShawnR","1:12:00","104.14","Hourly","09/16/2013","Build Structure","0.000","0.00","124.97","Billable","Watertown","Create something new","UUU-Project"
"12070","TIME","TomH","2:12:00","101.15","Hourly","09/16/2013","DemoS","0.000","0.00","222.53","Billable","Wayland","Rip down something old","WAYLA-Project01"
"12071","TIME","CoreyM","3:12:00","102.16","Hourly","09/16/2013","Fix","0.000","0.00","326.91","Billable","Webster","Take something old and make it better","WEBST-Project02"
"12072","TIME","JamesR","6:12:00","105.17","Hourly","09/16/2013","DesignS","0.000","0.00","652.05","Billable","Wellesley","Noodle about a new structure",""
"12073","TIME","SamS","4:12:00","103.18","Hourly","09/17/2013","Bid","0.000","0.00","433.36","Override","Wellfleet","Promise you can do something great","AAA-Project"
"12074","TIME","ShawnR","5:12:00","104.19","Hourly","09/17/2013","Clean","0.000","0.00","541.79","Do Not Bill","Wendell","Take away wreckage and trash and then sweep up","EEE-Project"
"12075","TIME","TomH","7:12:00","101.20","Hourly","09/17/2013","DesignL","0.000","0.00","728.64","Billable","Wenham","Noodle about landscape","III-Project"
"12076","TIME","CoreyM","8:12:00","158.01","Hourly","09/17/2013","Planting","0.000","0.00","1295.68","Billable","West.Boylston","Plant all kinds of stuff","OOO-Project"
"12077","TIME","JamesR","9:12:00","294.02","Hourly","09/17/2013","Lot Maintenance","0.000","0.00","2704.98","Override","West.Bridgewater","Mow, trim, dig up, and spread","UUU-Project"
"12078","TIME","SamS","10:12:00","159.03","Hourly","09/17/2013","Water Feature","0.000","0.00","1622.11","No Charge","West.Brookfield","Make something splash and flow","WESTB-Project01"
"12079","TIME","ShawnR","11:12:00","235.04","Hourly","09/17/2013","Pave","0.000","0.00","2632.45","Billable","West.Newbury","Create pretty pattern with stones","WESTN-Project02"
"12080","TIME","TomH","1:12:00","41.05","Hourly","09/17/2013","Build Structure","0.000","0.00","49.26","Billable","West.Springfield","Create something new",""
"12081","TIME","CoreyM","2:12:00","78.06","Hourly","09/18/2013","DemoS","0.000","0.00","171.73","Billable","West.Stockbridge","Rip down something old","AAA-Project"
"12082","TIME","JamesR","3:12:00","316.07","Hourly","09/18/2013","Fix","0.000","0.00","1011.42","Billable","West.Tisbury","Take something old and make it better","EEE-Project"
"12083","TIME","SamS","6:12:00","157.08","Hourly","09/18/2013","DesignS","0.000","0.00","973.90","Billable","Westborough","Noodle about a new structure","III-Project"
"12084","TIME","ShawnR","4:12:00","39.09","Hourly","09/18/2013","Bid","0.000","0.00","164.18","Override","Westfield","Promise you can do something great","OOO-Project"
"12085","TIME","TomH","5:12:00","207.10","Hourly","09/18/2013","Clean","0.000","0.00","1076.92","Do Not Bill","Westford","Take away wreckage and trash and then sweep up","UUU-Project"
"12086","TIME","CoreyM","7:12:00","13.11","Hourly","09/18/2013","DesignL","0.000","0.00","94.39","Billable","Westhampton","Noodle about landscape","WESTH-Project01"
"12087","TIME","JamesR","8:12:00","113.12","Hourly","09/18/2013","Planting","0.000","0.00","927.58","Billable","Westminster","Plant all kinds of stuff","WESTM-Project02"
"12088","TIME","SamS","9:12:00","305.13","Hourly","09/18/2013","Lot Maintenance","0.000","0.00","2807.20","Override","Weston","Mow, trim, dig up, and spread",""
"12089","TIME","ShawnR","10:12:00","351.14","Hourly","09/19/2013","Water Feature","0.000","0.00","3581.63","No Charge","Westport","Make something splash and flow","AAA-Project"
"12090","TIME","TomH","11:12:00","257.15","Hourly","09/19/2013","Pave","0.000","0.00","2880.08","Billable","Westwood","Create pretty pattern with stones","EEE-Project"
"12091","TIME","CoreyM","1:12:00","273.16","Hourly","09/19/2013","Build Structure","0.000","0.00","327.79","Billable","Weymouth","Create something new","III-Project"
"12092","TIME","JamesR","2:12:00","42.17","Hourly","09/19/2013","DemoS","0.000","0.00","92.77","Billable","Whately","Rip down something old","OOO-Project"
"12093","TIME","SamS","3:12:00","295.18","Hourly","09/19/2013","Fix","0.000","0.00","944.58","Billable","Whitman","Take something old and make it better","UUU-Project"
"12094","TIME","ShawnR","6:12:00","43.19","Hourly","09/19/2013","DesignS","0.000","0.00","267.78","Billable","Wilbraham","Noodle about a new structure","WILBR-Project01"
"12095","TIME","TomH","4:12:00","44.20","Hourly","09/19/2013","Bid","0.000","0.00","185.64","Override","Williamsburg","Promise you can do something great","WILLI-Project02"
"12096","TIME","CoreyM","5:12:00","105.01","Hourly","09/19/2013","Clean","0.000","0.00","546.05","Do Not Bill","Williamstown","Take away wreckage and trash and then sweep up",""
"12097","TIME","JamesR","7:12:00","107.02","Hourly","09/20/2013","DesignL","0.000","0.00","770.54","Billable","Wilmington","Noodle about landscape","AAA-Project"
"12098","TIME","SamS","8:12:00","108.03","Hourly","09/20/2013","Planting","0.000","0.00","885.85","Billable","Winchendon","Plant all kinds of stuff","EEE-Project"
"12099","TIME","ShawnR","9:12:00","109.04","Hourly","09/20/2013","Lot Maintenance","0.000","0.00","1003.17","Override","Winchester","Mow, trim, dig up, and spread","III-Project"
"12100","TIME","TomH","10:12:00","110.05","Hourly","09/20/2013","Water Feature","0.000","0.00","1122.51","No Charge","Windsor","Make something splash and flow","OOO-Project"
"12101","TIME","CoreyM","11:12:00","111.06","Hourly","09/20/2013","Pave","0.000","0.00","1243.87","Billable","Winthrop","Create pretty pattern with stones","UUU-Project"
"12102","TIME","JamesR","1:12:00","101.07","Hourly","09/20/2013","Build Structure","0.000","0.00","121.28","Billable","Woburn","Create something new","WOBUR-Project01"
"12103","TIME","SamS","2:12:00","102.08","Hourly","09/20/2013","DemoS","0.000","0.00","224.58","Billable","Worcester","Rip down something old","WORCE-Project02"
"12104","TIME","ShawnR","3:12:00","103.09","Hourly","09/20/2013","Fix","0.000","0.00","329.89","Billable","Worthington","Take something old and make it better",""
"12105","TIME","TomH","6:12:00","106.10","Hourly","09/21/2013","DesignS","0.000","0.00","657.82","Billable","Wrentham","Noodle about a new structure","AAA-Project"
"12106","TIME","CoreyM","4:12:00","104.11","Hourly","09/21/2013","Bid","0.000","0.00","437.26","Override","Yarmouth","Promise you can do something great","EEE-Project"
"12107","EXP","JamesR","0:00:00","0.00","","09/21/2013","First aid","6.125","206.006","1261.79","Do Not Bill","Abington","Stuff used to glue fingers back on or tape wounds shut","ABING-Project02"
"12108","EXP","SamS","0:00:00","0.00","","09/21/2013","Plants","7.125","207.007","1474.92","Billable","Acton","Things you plant in the ground","EEE-Project"
"12109","EXP","ShawnR","0:00:00","0.00","","09/21/2013","Landscape Supplies","8.125","208.008","1690.07","Override","Acushnet","Compost and other types of poop for plants","III-Project"
"12110","EXP","TomH","0:00:00","0.00","","09/21/2013","Snacks","9.125","209.009","1907.21","Billable","Adams","Nacho chips mostly and some beef jerky","OOO-Project"
"12111","EXP","CoreyM","0:00:00","0.00","","09/21/2013","Consultants","10.125","210.01","2126.35","Billable","Agawam","Hiring folks to do stuff we cannot do","UUU-Project"
"12112","EXP","JamesR","0:00:00","0.00","","09/21/2013","Safety","11.125","211.011","2347.50","Billable","Alford","Protection for eyes, ears, hands, etc.",""
"12113","EXP","SamS","0:00:00","0.00","","09/22/2013","Hand Tools","1.125","201.001","226.13","Billable","Amesbury","Hammers, saws, etc.","AAA-Project"
"12114","EXP","ShawnR","0:00:00","0.00","","09/22/2013","Power Tools","2.125","202.002","429.25","Billable","Amherst","Drills, skill saws, nail guns, etc.","AMHER-Project01"
"12115","EXP","TomH","0:00:00","0.00","","09/22/2013","Cleanup Supplies","3.125","203.003","634.38","No Charge","Andover","Trash Bags, trash bags, and more trash bags","ANDOV-Project02"
"12116","EXP","CoreyM","0:00:00","0.00","","09/22/2013","Pavers","4.125","204.004","841.52","Billable","Aquinnah","Stuff used to make a patio or walkway","EEE-Project"
"12117","EXP","JamesR","0:00:00","0.00","","09/22/2013","Wood","5.125","205.005","1050.65","Override","Arlington","Stuff used to build structures and other things","III-Project"
"12118","EXP","SamS","0:00:00","0.00","","09/22/2013","First aid","6.125","206.006","1261.79","Do Not Bill","Ashburnham","Stuff used to glue fingers back on or tape wounds shut","OOO-Project"
"12119","EXP","ShawnR","0:00:00","0.00","","09/22/2013","Plants","7.125","207.007","1474.92","Billable","Ashby","Things you plant in the ground","UUU-Project"
"12120","EXP","TomH","0:00:00","0.00","","09/22/2013","Landscape Supplies","8.125","208.008","1690.07","Override","Ashfield","Compost and other types of poop for plants",""
"12121","EXP","CoreyM","0:00:00","0.00","","09/23/2013","Snacks","9.125","209.009","1907.21","Billable","Ashland","Nacho chips mostly and some beef jerky","AAA-Project"
"12122","EXP","JamesR","0:00:00","0.00","","09/23/2013","Consultants","10.125","210.01","2126.35","Billable","Athol","Hiring folks to do stuff we cannot do","ATHOL-Project01"
"12123","EXP","SamS","0:00:00","0.00","","09/23/2013","Safety","11.125","211.011","2347.50","Billable","Attleboro","Protection for eyes, ears, hands, etc.","ATTLE-Project02"
"12124","EXP","ShawnR","0:00:00","0.00","","09/23/2013","Hand Tools","1.125","201.001","226.13","Billable","Auburn","Hammers, saws, etc.","EEE-Project"
"12125","EXP","TomH","0:00:00","0.00","","09/23/2013","Power Tools","2.125","202.002","429.25","Billable","Avon","Drills, skill saws, nail guns, etc.","III-Project"
"12126","EXP","CoreyM","0:00:00","0.00","","09/23/2013","Cleanup Supplies","3.125","203.003","634.38","No Charge","Ayer","Trash Bags, trash bags, and more trash bags","OOO-Project"
"12127","EXP","JamesR","0:00:00","0.00","","09/23/2013","Pavers","4.125","204.004","841.52","Billable","Barnstable","Stuff used to make a patio or walkway","UUU-Project"
"12128","EXP","SamS","0:00:00","0.00","","09/23/2013","Wood","5.125","205.005","1050.65","Override","Barre","Stuff used to build structures and other things",""
"12129","EXP","ShawnR","0:00:00","0.00","","09/24/2013","First aid","6.125","206.006","1261.79","Do Not Bill","Becket","Stuff used to glue fingers back on or tape wounds shut","AAA-Project"
"12130","EXP","TomH","0:00:00","0.00","","09/24/2013","Plants","7.125","207.007","1474.92","Billable","Bedford","Things you plant in the ground","BEDFO-Project01"
"12131","EXP","CoreyM","0:00:00","0.00","","09/24/2013","Landscape Supplies","8.125","208.008","1690.07","Override","Belchertown","Compost and other types of poop for plants","BELCH-Project02"
"12132","EXP","JamesR","0:00:00","0.00","","09/24/2013","Snacks","9.125","209.009","1907.21","Billable","Bellingham","Nacho chips mostly and some beef jerky","EEE-Project"
"12133","EXP","SamS","0:00:00","0.00","","09/24/2013","Consultants","10.125","210.01","2126.35","Billable","Belmont","Hiring folks to do stuff we cannot do","III-Project"
"12134","EXP","ShawnR","0:00:00","0.00","","09/24/2013","Safety","11.125","211.011","2347.50","Billable","Berkley","Protection for eyes, ears, hands, etc.","OOO-Project"
"12135","EXP","TomH","0:00:00","0.00","","09/24/2013","Hand Tools","1.125","201.001","226.13","Billable","Berlin","Hammers, saws, etc.","UUU-Project"
"12136","EXP","CoreyM","0:00:00","0.00","","09/24/2013","Power Tools","2.125","202.002","429.25","Billable","Bernardston","Drills, skill saws, nail guns, etc.",""
"12137","EXP","JamesR","0:00:00","0.00","","09/25/2013","Cleanup Supplies","3.125","203.003","634.38","No Charge","Beverly","Trash Bags, trash bags, and more trash bags","AAA-Project"
"12138","EXP","SamS","0:00:00","0.00","","09/25/2013","Pavers","4.125","204.004","841.52","Billable","Billerica","Stuff used to make a patio or walkway","BILLE-Project01"
"12139","EXP","ShawnR","0:00:00","0.00","","09/25/2013","Wood","5.125","205.005","1050.65","Override","Blackstone","Stuff used to build structures and other things","BLACK-Project02"
"12140","EXP","TomH","0:00:00","0.00","","09/25/2013","First aid","6.125","206.006","1261.79","Do Not Bill","Blandford","Stuff used to glue fingers back on or tape wounds shut","EEE-Project"
"12141","EXP","CoreyM","0:00:00","0.00","","09/25/2013","Plants","7.125","207.007","1474.92","Billable","Bolton","Things you plant in the ground","III-Project"
"12142","EXP","JamesR","0:00:00","0.00","","09/25/2013","Landscape Supplies","8.125","208.008","1690.07","Override","Boston","Compost and other types of poop for plants","OOO-Project"
"12143","EXP","SamS","0:00:00","0.00","","09/25/2013","Snacks","9.125","209.009","1907.21","Billable","Bourne","Nacho chips mostly and some beef jerky","UUU-Project"
"12144","EXP","ShawnR","0:00:00","0.00","","09/25/2013","Consultants","10.125","210.01","2126.35","Billable","Boxborough","Hiring folks to do stuff we cannot do",""
"12145","EXP","TomH","0:00:00","0.00","","09/26/2013","Safety","11.125","211.011","2347.50","Billable","Boxford","Protection for eyes, ears, hands, etc.","AAA-Project"
"12146","EXP","CoreyM","0:00:00","0.00","","09/26/2013","Hand Tools","1.125","201.001","226.13","Billable","Boylston","Hammers, saws, etc.","BOYLS-Project01"
"12147","EXP","JamesR","0:00:00","0.00","","09/26/2013","Power Tools","2.125","202.002","429.25","Billable","Braintree","Drills, skill saws, nail guns, etc.","BRAIN-Project02"
"12148","EXP","SamS","0:00:00","0.00","","09/26/2013","Cleanup Supplies","3.125","203.003","634.38","No Charge","Brewster","Trash Bags, trash bags, and more trash bags","EEE-Project"
"12149","EXP","ShawnR","0:00:00","0.00","","09/26/2013","Pavers","4.125","204.004","841.52","Billable","Bridgewater","Stuff used to make a patio or walkway","III-Project"
"12150","EXP","TomH","0:00:00","0.00","","09/26/2013","Wood","5.125","205.005","1050.65","Override","Brimfield","Stuff used to build structures and other things","OOO-Project"
"12151","EXP","CoreyM","0:00:00","0.00","","09/26/2013","First aid","6.125","206.006","1261.79","Do Not Bill","Brockton","Stuff used to glue fingers back on or tape wounds shut","UUU-Project"
"12152","EXP","JamesR","0:00:00","0.00","","09/26/2013","Plants","7.125","207.007","1474.92","Billable","Brookfield","Things you plant in the ground",""
"12153","EXP","SamS","0:00:00","0.00","","09/27/2013","Landscape Supplies","8.125","208.008","1690.07","Override","Brookline","Compost and other types of poop for plants","AAA-Project"
"12154","EXP","ShawnR","0:00:00","0.00","","09/27/2013","Snacks","9.125","209.009","1907.21","Billable","Buckland","Nacho chips mostly and some beef jerky","BUCKL-Project01"
"12155","EXP","TomH","0:00:00","0.00","","09/27/2013","Consultants","10.125","210.01","2126.35","Billable","Burlington","Hiring folks to do stuff we cannot do","BURLI-Project02"
"12156","EXP","CoreyM","0:00:00","0.00","","09/27/2013","Safety","11.125","211.011","2347.50","Billable","Cambridge","Protection for eyes, ears, hands, etc.","EEE-Project"
"12157","EXP","JamesR","0:00:00","0.00","","09/27/2013","Hand Tools","1.125","201.001","226.13","Billable","Canton","Hammers, saws, etc.","III-Project"
"12158","EXP","SamS","0:00:00","0.00","","09/27/2013","Power Tools","2.125","202.002","429.25","Billable","Carlisle","Drills, skill saws, nail guns, etc.","OOO-Project"
"12159","EXP","ShawnR","0:00:00","0.00","","09/27/2013","Cleanup Supplies","3.125","203.003","634.38","No Charge","Carver","Trash Bags, trash bags, and more trash bags","UUU-Project"
"12160","EXP","TomH","0:00:00","0.00","","09/27/2013","Pavers","4.125","204.004","841.52","Billable","Charlemont","Stuff used to make a patio or walkway",""
"12161","EXP","CoreyM","0:00:00","0.00","","09/28/2013","Wood","5.125","205.005","1050.65","Override","Charlton","Stuff used to build structures and other things","AAA-Project"
"12162","EXP","JamesR","0:00:00","0.00","","09/28/2013","First aid","6.125","206.006","1261.79","Do Not Bill","Chatham","Stuff used to glue fingers back on or tape wounds shut","CHATH-Project01"
"12163","EXP","SamS","0:00:00","0.00","","09/28/2013","Plants","7.125","207.007","1474.92","Billable","Chelmsford","Things you plant in the ground","CHELM-Project02"
"12164","EXP","ShawnR","0:00:00","0.00","","09/28/2013","Landscape Supplies","8.125","208.008","1690.07","Override","Chelsea","Compost and other types of poop for plants","EEE-Project"
"12165","EXP","TomH","0:00:00","0.00","","09/28/2013","Snacks","9.125","209.009","1907.21","Billable","Cheshire","Nacho chips mostly and some beef jerky","III-Project"
"12166","EXP","CoreyM","0:00:00","0.00","","09/28/2013","Consultants","10.125","210.01","2126.35","Billable","Chester","Hiring folks to do stuff we cannot do","OOO-Project"
"12167","EXP","JamesR","0:00:00","0.00","","09/28/2013","Safety","11.125","211.011","2347.50","Billable","Chesterfield","Protection for eyes, ears, hands, etc.","UUU-Project"
"12168","EXP","SamS","0:00:00","0.00","","09/28/2013","Hand Tools","1.125","201.001","226.13","Billable","Chicopee","Hammers, saws, etc.",""
"12169","EXP","ShawnR","0:00:00","0.00","","09/29/2013","Power Tools","2.125","202.002","429.25","Billable","Chilmark","Drills, skill saws, nail guns, etc.","AAA-Project"
"12170","EXP","TomH","0:00:00","0.00","","09/29/2013","Cleanup Supplies","3.125","203.003","634.38","No Charge","Clarksburg","Trash Bags, trash bags, and more trash bags","CLARK-Project01"
"12171","EXP","CoreyM","0:00:00","0.00","","09/29/2013","Pavers","4.125","204.004","841.52","Billable","Clinton","Stuff used to make a patio or walkway","CLINT-Project02"
"12172","EXP","JamesR","0:00:00","0.00","","09/29/2013","Wood","5.125","205.005","1050.65","Override","Cohasset","Stuff used to build structures and other things","EEE-Project"
"12173","EXP","SamS","0:00:00","0.00","","09/29/2013","First aid","6.125","206.006","1261.79","Do Not Bill","Colrain","Stuff used to glue fingers back on or tape wounds shut","III-Project"
"12174","EXP","ShawnR","0:00:00","0.00","","09/29/2013","Plants","7.125","207.007","1474.92","Billable","Concord","Things you plant in the ground","OOO-Project"
"12175","EXP","TomH","0:00:00","0.00","","09/29/2013","Landscape Supplies","8.125","208.008","1690.07","Override","Conway","Compost and other types of poop for plants","UUU-Project"
"12176","EXP","CoreyM","0:00:00","0.00","","09/29/2013","Snacks","9.125","209.009","1907.21","Billable","Cummington","Nacho chips mostly and some beef jerky",""
"12177","EXP","JamesR","0:00:00","0.00","","09/30/2013","Consultants","10.125","210.01","2126.35","Billable","Dalton","Hiring folks to do stuff we cannot do","AAA-Project"
"12178","EXP","SamS","0:00:00","0.00","","09/30/2013","Safety","11.125","211.011","2347.50","Billable","Danvers","Protection for eyes, ears, hands, etc.","DANVE-Project01"
"12179","EXP","ShawnR","0:00:00","0.00","","09/30/2013","Hand Tools","1.125","201.001","226.13","Billable","Dartmouth","Hammers, saws, etc.","DARTM-Project02"
"12180","EXP","TomH","0:00:00","0.00","","09/30/2013","Power Tools","2.125","202.002","429.25","Billable","Dedham","Drills, skill saws, nail guns, etc.","EEE-Project"
"12181","EXP","CoreyM","0:00:00","0.00","","09/30/2013","Cleanup Supplies","3.125","203.003","634.38","No Charge","Deerfield","Trash Bags, trash bags, and more trash bags","III-Project"
"12182","EXP","JamesR","0:00:00","0.00","","09/30/2013","Pavers","4.125","204.004","841.52","Billable","Dennis","Stuff used to make a patio or walkway","OOO-Project"
"12183","EXP","SamS","0:00:00","0.00","","09/30/2013","Wood","5.125","205.005","1050.65","Override","Dighton","Stuff used to build structures and other things","UUU-Project"
"12184","EXP","ShawnR","0:00:00","0.00","","09/30/2013","First aid","6.125","206.006","1261.79","Do Not Bill","Douglas","Stuff used to glue fingers back on or tape wounds shut",""
"12185","EXP","TomH","0:00:00","0.00","","10/01/2013","Plants","7.125","207.007","1474.92","Billable","Dover","Things you plant in the ground","AAA-Project"
"12186","EXP","CoreyM","0:00:00","0.00","","10/01/2013","Landscape Supplies","8.125","208.008","1690.07","Override","Dracut","Compost and other types of poop for plants","DRACU-Project01"
"12187","EXP","JamesR","0:00:00","0.00","","10/01/2013","Snacks","9.125","209.009","1907.21","Billable","Dudley","Nacho chips mostly and some beef jerky","DUDLE-Project02"
"12188","EXP","SamS","0:00:00","0.00","","10/01/2013","Consultants","10.125","210.01","2126.35","Billable","Dunstable","Hiring folks to do stuff we cannot do","EEE-Project"
"12189","EXP","ShawnR","0:00:00","0.00","","10/01/2013","Safety","11.125","211.011","2347.50","Billable","Duxbury","Protection for eyes, ears, hands, etc.","III-Project"
"12190","EXP","TomH","0:00:00","0.00","","10/01/2013","Hand Tools","1.125","201.001","226.13","Billable","East.Bridgewater","Hammers, saws, etc.","OOO-Project"
"12191","EXP","CoreyM","0:00:00","0.00","","10/01/2013","Power Tools","2.125","202.002","429.25","Billable","East.Brookfield","Drills, skill saws, nail guns, etc.","UUU-Project"
"12192","EXP","JamesR","0:00:00","0.00","","10/01/2013","Cleanup Supplies","3.125","203.003","634.38","No Charge","East.Longmeadow","Trash Bags, trash bags, and more trash bags",""
"12193","EXP","SamS","0:00:00","0.00","","10/02/2013","Pavers","4.125","204.004","841.52","Billable","Eastham","Stuff used to make a patio or walkway","AAA-Project"
"12194","EXP","ShawnR","0:00:00","0.00","","10/02/2013","Wood","5.125","205.005","1050.65","Override","Easthampton","Stuff used to build structures and other things","EASTH-Project01"
"12195","EXP","TomH","0:00:00","0.00","","10/02/2013","First aid","6.125","206.006","1261.79","Do Not Bill","Easton","Stuff used to glue fingers back on or tape wounds shut","EASTO-Project02"
"12196","EXP","CoreyM","0:00:00","0.00","","10/02/2013","Plants","7.125","207.007","1474.92","Billable","Edgartown","Things you plant in the ground","EEE-Project"
"12197","EXP","JamesR","0:00:00","0.00","","10/02/2013","Landscape Supplies","8.125","208.008","1690.07","Override","Egremont","Compost and other types of poop for plants","III-Project"
"12198","EXP","SamS","0:00:00","0.00","","10/02/2013","Snacks","9.125","209.009","1907.21","Billable","Erving","Nacho chips mostly and some beef jerky","OOO-Project"
"12199","EXP","ShawnR","0:00:00","0.00","","10/02/2013","Consultants","10.125","210.01","2126.35","Billable","Essex","Hiring folks to do stuff we cannot do","UUU-Project"
"12200","EXP","TomH","0:00:00","0.00","","10/02/2013","Safety","11.125","211.011","2347.50","Billable","Everett","Protection for eyes, ears, hands, etc.",""
"12201","EXP","CoreyM","0:00:00","0.00","","10/03/2013","Hand Tools","1.125","201.001","226.13","Billable","Fairhaven","Hammers, saws, etc.","AAA-Project"
"12202","EXP","JamesR","0:00:00","0.00","","10/03/2013","Power Tools","2.125","202.002","429.25","Billable","Fall River","Drills, skill saws, nail guns, etc.","EEE-Project"
"12203","EXP","SamS","0:00:00","0.00","","10/03/2013","Cleanup Supplies","3.125","203.003","634.38","No Charge","Falmouth","Trash Bags, trash bags, and more trash bags","FALMO-Project01"
"12204","EXP","ShawnR","0:00:00","0.00","","10/03/2013","Pavers","4.125","204.004","841.52","Billable","Fitchburg","Stuff used to make a patio or walkway","FITCH-Project02"
"12205","EXP","TomH","0:00:00","0.00","","10/03/2013","Wood","5.125","205.005","1050.65","Override","Florida","Stuff used to build structures and other things","III-Project"
"12206","EXP","CoreyM","0:00:00","0.00","","10/03/2013","First aid","6.125","206.006","1261.79","Do Not Bill","Foxborough","Stuff used to glue fingers back on or tape wounds shut","OOO-Project"
"12207","EXP","JamesR","0:00:00","0.00","","10/03/2013","Plants","7.125","207.007","1474.92","Billable","Framingham","Things you plant in the ground","UUU-Project"
"12208","EXP","SamS","0:00:00","0.00","","10/03/2013","Landscape Supplies","8.125","208.008","1690.07","Override","Franklin","Compost and other types of poop for plants",""
"12209","EXP","ShawnR","0:00:00","0.00","","10/04/2013","Snacks","9.125","209.009","1907.21","Billable","Freetown","Nacho chips mostly and some beef jerky","AAA-Project"
"12210","EXP","TomH","0:00:00","0.00","","10/04/2013","Consultants","10.125","210.01","2126.35","Billable","Gardner","Hiring folks to do stuff we cannot do","EEE-Project"
"12211","EXP","CoreyM","0:00:00","0.00","","10/04/2013","Safety","11.125","211.011","2347.50","Billable","Georgetown","Protection for eyes, ears, hands, etc.","GEORG-Project01"
"12212","EXP","JamesR","0:00:00","0.00","","10/04/2013","Hand Tools","1.125","201.001","226.13","Billable","Gill","Hammers, saws, etc.","GILL-Project02"
"12213","EXP","SamS","0:00:00","0.00","","10/04/2013","Power Tools","2.125","202.002","429.25","Billable","Gloucester","Drills, skill saws, nail guns, etc.","III-Project"
"12214","EXP","ShawnR","0:00:00","0.00","","10/04/2013","Cleanup Supplies","3.125","203.003","634.38","No Charge","Goshen","Trash Bags, trash bags, and more trash bags","OOO-Project"
"12215","EXP","TomH","0:00:00","0.00","","10/04/2013","Pavers","4.125","204.004","841.52","Billable","Gosnold","Stuff used to make a patio or walkway","UUU-Project"
"12216","EXP","CoreyM","0:00:00","0.00","","10/04/2013","Wood","5.125","205.005","1050.65","Override","Grafton","Stuff used to build structures and other things",""
"12217","EXP","JamesR","0:00:00","0.00","","10/05/2013","First aid","6.125","206.006","1261.79","Do Not Bill","Granby","Stuff used to glue fingers back on or tape wounds shut","AAA-Project"
"12218","EXP","SamS","0:00:00","0.00","","10/05/2013","Plants","7.125","207.007","1474.92","Billable","Granville","Things you plant in the ground","EEE-Project"
"12219","EXP","ShawnR","0:00:00","0.00","","10/05/2013","Landscape Supplies","8.125","208.008","1690.07","Override","Great Barrington","Compost and other types of poop for plants","GREAT-Project01"
"12220","EXP","TomH","0:00:00","0.00","","10/05/2013","Snacks","9.125","209.009","1907.21","Billable","Greenfield","Nacho chips mostly and some beef jerky","GREEN-Project02"
"12221","EXP","CoreyM","0:00:00","0.00","","10/05/2013","Consultants","10.125","210.01","2126.35","Billable","Groton","Hiring folks to do stuff we cannot do","III-Project"
"12222","EXP","JamesR","0:00:00","0.00","","10/05/2013","Safety","11.125","211.011","2347.50","Billable","Groveland","Protection for eyes, ears, hands, etc.","OOO-Project"
"12223","EXP","SamS","0:00:00","0.00","","10/05/2013","Hand Tools","1.125","201.001","226.13","Billable","Hadley","Hammers, saws, etc.","UUU-Project"
"12224","EXP","ShawnR","0:00:00","0.00","","10/05/2013","Power Tools","2.125","202.002","429.25","Billable","Halifax","Drills, skill saws, nail guns, etc.",""
"12225","EXP","TomH","0:00:00","0.00","","10/06/2013","Cleanup Supplies","3.125","203.003","634.38","No Charge","Hamilton","Trash Bags, trash bags, and more trash bags","AAA-Project"
"12226","EXP","CoreyM","0:00:00","0.00","","10/06/2013","Pavers","4.125","204.004","841.52","Billable","Hampden","Stuff used to make a patio or walkway","EEE-Project"
"12227","EXP","JamesR","0:00:00","0.00","","10/06/2013","Wood","5.125","205.005","1050.65","Override","Hancock","Stuff used to build structures and other things","HANCO-Project01"
"12228","EXP","SamS","0:00:00","0.00","","10/06/2013","First aid","6.125","206.006","1261.79","Do Not Bill","Hanover","Stuff used to glue fingers back on or tape wounds shut","HANOV-Project02"
"12229","EXP","ShawnR","0:00:00","0.00","","10/06/2013","Plants","7.125","207.007","1474.92","Billable","Hanson","Things you plant in the ground","III-Project"
"12230","EXP","TomH","0:00:00","0.00","","10/06/2013","Landscape Supplies","8.125","208.008","1690.07","Override","Hardwick","Compost and other types of poop for plants","OOO-Project"
"12231","EXP","CoreyM","0:00:00","0.00","","10/06/2013","Snacks","9.125","209.009","1907.21","Billable","Harvard","Nacho chips mostly and some beef jerky","UUU-Project"
"12232","EXP","JamesR","0:00:00","0.00","","10/06/2013","Consultants","10.125","210.01","2126.35","Billable","Harwich","Hiring folks to do stuff we cannot do",""
"12233","EXP","SamS","0:00:00","0.00","","10/07/2013","Safety","11.125","211.011","2347.50","Billable","Hatfield","Protection for eyes, ears, hands, etc.","AAA-Project"
"12234","EXP","ShawnR","0:00:00","0.00","","10/07/2013","Hand Tools","1.125","201.001","226.13","Billable","Haverhill","Hammers, saws, etc.","EEE-Project"
"12235","EXP","TomH","0:00:00","0.00","","10/07/2013","Power Tools","2.125","202.002","429.25","Billable","Hawley","Drills, skill saws, nail guns, etc.","HAWLE-Project01"
"12236","EXP","CoreyM","0:00:00","0.00","","10/07/2013","Cleanup Supplies","3.125","203.003","634.38","No Charge","Heath","Trash Bags, trash bags, and more trash bags","HEATH-Project02"
"12237","EXP","JamesR","0:00:00","0.00","","10/07/2013","Pavers","4.125","204.004","841.52","Billable","Hingham","Stuff used to make a patio or walkway","III-Project"
"12238","EXP","SamS","0:00:00","0.00","","10/07/2013","Wood","5.125","205.005","1050.65","Override","Hinsdale","Stuff used to build structures and other things","OOO-Project"
"12239","EXP","ShawnR","0:00:00","0.00","","10/07/2013","First aid","6.125","206.006","1261.79","Do Not Bill","Holbrook","Stuff used to glue fingers back on or tape wounds shut","UUU-Project"
"12240","EXP","TomH","0:00:00","0.00","","10/07/2013","Plants","7.125","207.007","1474.92","Billable","Holden","Things you plant in the ground",""
"12241","EXP","CoreyM","0:00:00","0.00","","10/08/2013","Landscape Supplies","8.125","208.008","1690.07","Override","Holland","Compost and other types of poop for plants","AAA-Project"
"12242","EXP","JamesR","0:00:00","0.00","","10/08/2013","Snacks","9.125","209.009","1907.21","Billable","Holliston","Nacho chips mostly and some beef jerky","EEE-Project"
"12243","EXP","SamS","0:00:00","0.00","","10/08/2013","Consultants","10.125","210.01","2126.35","Billable","Holyoke","Hiring folks to do stuff we cannot do","HOLYO-Project01"
"12244","EXP","ShawnR","0:00:00","0.00","","10/08/2013","Safety","11.125","211.011","2347.50","Billable","Hopedale","Protection for eyes, ears, hands, etc.","HOPED-Project02"
"12245","EXP","TomH","0:00:00","0.00","","10/08/2013","Hand Tools","1.125","201.001","226.13","Billable","Hopkinton","Hammers, saws, etc.","III-Project"
"12246","EXP","CoreyM","0:00:00","0.00","","10/08/2013","Power Tools","2.125","202.002","429.25","Billable","Hubbardston","Drills, skill saws, nail guns, etc.","OOO-Project"
"12247","EXP","JamesR","0:00:00","0.00","","10/08/2013","Cleanup Supplies","3.125","203.003","634.38","No Charge","Hudson","Trash Bags, trash bags, and more trash bags","UUU-Project"
"12248","EXP","SamS","0:00:00","0.00","","10/08/2013","Pavers","4.125","204.004","841.52","Billable","Hull","Stuff used to make a patio or walkway",""
"12249","EXP","ShawnR","0:00:00","0.00","","10/09/2013","Wood","5.125","205.005","1050.65","Override","Huntington","Stuff used to build structures and other things","AAA-Project"
"12250","EXP","TomH","0:00:00","0.00","","10/09/2013","First aid","6.125","206.006","1261.79","Do Not Bill","Ipswich","Stuff used to glue fingers back on or tape wounds shut","EEE-Project"
"12251","EXP","CoreyM","0:00:00","0.00","","10/09/2013","Plants","7.125","207.007","1474.92","Billable","Kingston","Things you plant in the ground","III-Project"
"12252","EXP","JamesR","0:00:00","0.00","","10/09/2013","Landscape Supplies","8.125","208.008","1690.07","Override","Lakeville","Compost and other types of poop for plants","LAKEV-Project01"
"12253","EXP","SamS","0:00:00","0.00","","10/09/2013","Snacks","9.125","209.009","1907.21","Billable","Lancaster","Nacho chips mostly and some beef jerky","LANCA-Project02"
"12254","EXP","ShawnR","0:00:00","0.00","","10/09/2013","Consultants","10.125","210.01","2126.35","Billable","Lanesborough","Hiring folks to do stuff we cannot do","OOO-Project"
"12255","EXP","TomH","0:00:00","0.00","","10/09/2013","Safety","11.125","211.011","2347.50","Billable","Lawrence","Protection for eyes, ears, hands, etc.","UUU-Project"
"12256","EXP","CoreyM","0:00:00","0.00","","10/09/2013","Hand Tools","1.125","201.001","226.13","Billable","Lee","Hammers, saws, etc.",""
"12257","EXP","JamesR","0:00:00","0.00","","10/10/2013","Power Tools","2.125","202.002","429.25","Billable","Leicester","Drills, skill saws, nail guns, etc.","AAA-Project"
"12258","EXP","SamS","0:00:00","0.00","","10/10/2013","Cleanup Supplies","3.125","203.003","634.38","No Charge","Lenox","Trash Bags, trash bags, and more trash bags","EEE-Project"
"12259","EXP","ShawnR","0:00:00","0.00","","10/10/2013","Pavers","4.125","204.004","841.52","Billable","Leominster","Stuff used to make a patio or walkway","III-Project"
"12260","EXP","TomH","0:00:00","0.00","","10/10/2013","Wood","5.125","205.005","1050.65","Override","Leverett","Stuff used to build structures and other things","LEVER-Project01"
"12261","EXP","CoreyM","0:00:00","0.00","","10/10/2013","First aid","6.125","206.006","1261.79","Do Not Bill","Lexington","Stuff used to glue fingers back on or tape wounds shut","LEXIN-Project02"
"12262","EXP","JamesR","0:00:00","0.00","","10/10/2013","Plants","7.125","207.007","1474.92","Billable","Leyden","Things you plant in the ground","OOO-Project"
"12263","EXP","SamS","0:00:00","0.00","","10/10/2013","Landscape Supplies","8.125","208.008","1690.07","Override","Lincoln","Compost and other types of poop for plants","UUU-Project"
"12264","EXP","ShawnR","0:00:00","0.00","","10/10/2013","Snacks","9.125","209.009","1907.21","Billable","Littleton","Nacho chips mostly and some beef jerky",""
"12265","EXP","TomH","0:00:00","0.00","","10/11/2013","Consultants","10.125","210.01","2126.35","Billable","Longmeadow","Hiring folks to do stuff we cannot do","AAA-Project"
"12266","EXP","CoreyM","0:00:00","0.00","","10/11/2013","Safety","11.125","211.011","2347.50","Billable","Lowell","Protection for eyes, ears, hands, etc.","EEE-Project"
"12267","EXP","JamesR","0:00:00","0.00","","10/11/2013","Hand Tools","1.125","201.001","226.13","Billable","Ludlow","Hammers, saws, etc.","III-Project"
"12268","EXP","SamS","0:00:00","0.00","","10/11/2013","Power Tools","2.125","202.002","429.25","Billable","Lunenburg","Drills, skill saws, nail guns, etc.","LUNEN-Project01"
"12269","EXP","ShawnR","0:00:00","0.00","","10/11/2013","Cleanup Supplies","3.125","203.003","634.38","No Charge","Lynn","Trash Bags, trash bags, and more trash bags","LYNN-Project02"
"12270","EXP","TomH","0:00:00","0.00","","10/11/2013","Pavers","4.125","204.004","841.52","Billable","Lynnfield","Stuff used to make a patio or walkway","OOO-Project"
"12271","EXP","CoreyM","0:00:00","0.00","","10/11/2013","Wood","5.125","205.005","1050.65","Override","Malden","Stuff used to build structures and other things","UUU-Project"
"12272","EXP","JamesR","0:00:00","0.00","","10/11/2013","First aid","6.125","206.006","1261.79","Do Not Bill","Manchester-by-the-Sea","Stuff used to glue fingers back on or tape wounds shut",""
"12273","EXP","SamS","0:00:00","0.00","","10/12/2013","Plants","7.125","207.007","1474.92","Billable","Mansfield","Things you plant in the ground","AAA-Project"
"12274","EXP","ShawnR","0:00:00","0.00","","10/12/2013","Landscape Supplies","8.125","208.008","1690.07","Override","Marblehead","Compost and other types of poop for plants","EEE-Project"
"12275","EXP","TomH","0:00:00","0.00","","10/12/2013","Snacks","9.125","209.009","1907.21","Billable","Marion","Nacho chips mostly and some beef jerky","III-Project"
"12276","EXP","CoreyM","0:00:00","0.00","","10/12/2013","Consultants","10.125","210.01","2126.35","Billable","Marlborough","Hiring folks to do stuff we cannot do","MARLB-Project01"
"12277","EXP","JamesR","0:00:00","0.00","","10/12/2013","Safety","11.125","211.011","2347.50","Billable","Marshfield","Protection for eyes, ears, hands, etc.","MARSH-Project02"
"12278","EXP","SamS","0:00:00","0.00","","10/12/2013","Hand Tools","1.125","201.001","226.13","Billable","Mashpee","Hammers, saws, etc.","OOO-Project"
"12279","EXP","ShawnR","0:00:00","0.00","","10/12/2013","Power Tools","2.125","202.002","429.25","Billable","Mattapoisett","Drills, skill saws, nail guns, etc.","UUU-Project"
"12280","EXP","TomH","0:00:00","0.00","","10/12/2013","Cleanup Supplies","3.125","203.003","634.38","No Charge","Maynard","Trash Bags, trash bags, and more trash bags",""
"12281","EXP","CoreyM","0:00:00","0.00","","10/13/2013","Pavers","4.125","204.004","841.52","Billable","Medfield","Stuff used to make a patio or walkway","AAA-Project"
"12282","EXP","JamesR","0:00:00","0.00","","10/13/2013","Wood","5.125","205.005","1050.65","Override","Medford","Stuff used to build structures and other things","EEE-Project"
"12283","EXP","SamS","0:00:00","0.00","","10/13/2013","First aid","6.125","206.006","1261.79","Do Not Bill","Medway","Stuff used to glue fingers back on or tape wounds shut","III-Project"
"12284","EXP","ShawnR","0:00:00","0.00","","10/13/2013","Plants","7.125","207.007","1474.92","Billable","Melrose","Things you plant in the ground","MELRO-Project01"
"12285","EXP","TomH","0:00:00","0.00","","10/13/2013","Landscape Supplies","8.125","208.008","1690.07","Override","Mendon","Compost and other types of poop for plants","MENDO-Project02"
"12286","EXP","CoreyM","0:00:00","0.00","","10/13/2013","Snacks","9.125","209.009","1907.21","Billable","Merrimac","Nacho chips mostly and some beef jerky","OOO-Project"
"12287","EXP","JamesR","0:00:00","0.00","","10/13/2013","Consultants","10.125","210.01","2126.35","Billable","Methuen","Hiring folks to do stuff we cannot do","UUU-Project"
"12288","EXP","SamS","0:00:00","0.00","","10/13/2013","Safety","11.125","211.011","2347.50","Billable","Middleborough","Protection for eyes, ears, hands, etc.",""
"12289","EXP","ShawnR","0:00:00","0.00","","10/14/2013","Hand Tools","1.125","201.001","226.13","Billable","Middlefield","Hammers, saws, etc.","AAA-Project"
"12290","EXP","TomH","0:00:00","0.00","","10/14/2013","Power Tools","2.125","202.002","429.25","Billable","Middleton","Drills, skill saws, nail guns, etc.","EEE-Project"
"12291","EXP","CoreyM","0:00:00","0.00","","10/14/2013","Cleanup Supplies","3.125","203.003","634.38","No Charge","Milford","Trash Bags, trash bags, and more trash bags","III-Project"
"12292","EXP","JamesR","0:00:00","0.00","","10/14/2013","Pavers","4.125","204.004","841.52","Billable","Millbury","Stuff used to make a patio or walkway","MILLB-Project01"
"12293","EXP","SamS","0:00:00","0.00","","10/14/2013","Wood","5.125","205.005","1050.65","Override","Millis","Stuff used to build structures and other things","MILLI-Project02"
"12294","EXP","ShawnR","0:00:00","0.00","","10/14/2013","First aid","6.125","206.006","1261.79","Do Not Bill","Millville","Stuff used to glue fingers back on or tape wounds shut","OOO-Project"
"12295","EXP","TomH","0:00:00","0.00","","10/14/2013","Plants","7.125","207.007","1474.92","Billable","Milton","Things you plant in the ground","UUU-Project"
"12296","EXP","CoreyM","0:00:00","0.00","","10/14/2013","Landscape Supplies","8.125","208.008","1690.07","Override","Monroe","Compost and other types of poop for plants",""
"12297","EXP","JamesR","0:00:00","0.00","","10/15/2013","Snacks","9.125","209.009","1907.21","Billable","Monson","Nacho chips mostly and some beef jerky","AAA-Project"
"12298","EXP","SamS","0:00:00","0.00","","10/15/2013","Consultants","10.125","210.01","2126.35","Billable","Montague","Hiring folks to do stuff we cannot do","EEE-Project"
"12299","EXP","ShawnR","0:00:00","0.00","","10/15/2013","Safety","11.125","211.011","2347.50","Billable","Monterey","Protection for eyes, ears, hands, etc.","III-Project"
"12300","EXP","TomH","0:00:00","0.00","","10/15/2013","Hand Tools","1.125","201.001","226.13","Billable","Montgomery","Hammers, saws, etc.","MONTG-Project01"
"12301","EXP","CoreyM","0:00:00","0.00","","10/15/2013","Power Tools","2.125","202.002","429.25","Billable","Mount Washington","Drills, skill saws, nail guns, etc.","MOUNT-Project02"
"12302","EXP","JamesR","0:00:00","0.00","","10/15/2013","Cleanup Supplies","3.125","203.003","634.38","No Charge","Nahant","Trash Bags, trash bags, and more trash bags","OOO-Project"
"12303","EXP","SamS","0:00:00","0.00","","10/15/2013","Pavers","4.125","204.004","841.52","Billable","Nantucket","Stuff used to make a patio or walkway","UUU-Project"
"12304","EXP","ShawnR","0:00:00","0.00","","10/15/2013","Wood","5.125","205.005","1050.65","Override","Natick","Stuff used to build structures and other things",""
"12305","EXP","TomH","0:00:00","0.00","","10/16/2013","First aid","6.125","206.006","1261.79","Do Not Bill","Needham","Stuff used to glue fingers back on or tape wounds shut","AAA-Project"
"12306","EXP","CoreyM","0:00:00","0.00","","10/16/2013","Plants","7.125","207.007","1474.92","Billable","New Ashford","Things you plant in the ground","EEE-Project"
"12307","EXP","JamesR","0:00:00","0.00","","10/16/2013","Landscape Supplies","8.125","208.008","1690.07","Override","New Bedford","Compost and other types of poop for plants","III-Project"
"12308","EXP","SamS","0:00:00","0.00","","10/16/2013","Snacks","9.125","209.009","1907.21","Billable","New Braintree","Nacho chips mostly and some beef jerky","NEWBR-Project01"
"12309","EXP","ShawnR","0:00:00","0.00","","10/16/2013","Consultants","10.125","210.01","2126.35","Billable","New Marlborough","Hiring folks to do stuff we cannot do","NEWMA-Project02"
"12310","EXP","TomH","0:00:00","0.00","","10/16/2013","Safety","11.125","211.011","2347.50","Billable","New Salem","Protection for eyes, ears, hands, etc.","OOO-Project"
"12311","EXP","CoreyM","0:00:00","0.00","","10/16/2013","Hand Tools","1.125","201.001","226.13","Billable","Newbury","Hammers, saws, etc.","UUU-Project"
"12312","EXP","JamesR","0:00:00","0.00","","10/16/2013","Power Tools","2.125","202.002","429.25","Billable","Newburyport","Drills, skill saws, nail guns, etc.",""
"12313","EXP","SamS","0:00:00","0.00","","10/17/2013","Cleanup Supplies","3.125","203.003","634.38","No Charge","Newton","Trash Bags, trash bags, and more trash bags","AAA-Project"
"12314","EXP","ShawnR","0:00:00","0.00","","10/17/2013","Pavers","4.125","204.004","841.52","Billable","Norfolk","Stuff used to make a patio or walkway","EEE-Project"
"12315","EXP","TomH","0:00:00","0.00","","10/17/2013","Wood","5.125","205.005","1050.65","Override","North.Adams","Stuff used to build structures and other things","III-Project"
"12316","EXP","CoreyM","0:00:00","0.00","","10/17/2013","First aid","6.125","206.006","1261.79","Do Not Bill","North.Andover","Stuff used to glue fingers back on or tape wounds shut","NORTH-Project01"
"12317","EXP","JamesR","0:00:00","0.00","","10/17/2013","Plants","7.125","207.007","1474.92","Billable","North.Attleborough","Things you plant in the ground","NORTH-Project02"
"12318","EXP","SamS","0:00:00","0.00","","10/17/2013","Landscape Supplies","8.125","208.008","1690.07","Override","North.Brookfield","Compost and other types of poop for plants","OOO-Project"
"12319","EXP","ShawnR","0:00:00","0.00","","10/17/2013","Snacks","9.125","209.009","1907.21","Billable","North.Reading","Nacho chips mostly and some beef jerky","UUU-Project"
"12320","EXP","TomH","0:00:00","0.00","","10/17/2013","Consultants","10.125","210.01","2126.35","Billable","Northampton","Hiring folks to do stuff we cannot do",""
"12321","EXP","CoreyM","0:00:00","0.00","","10/18/2013","Safety","11.125","211.011","2347.50","Billable","Northborough","Protection for eyes, ears, hands, etc.","AAA-Project"
"12322","EXP","JamesR","0:00:00","0.00","","10/18/2013","Hand Tools","1.125","201.001","226.13","Billable","Northbridge","Hammers, saws, etc.","EEE-Project"
"12323","EXP","SamS","0:00:00","0.00","","10/18/2013","Power Tools","2.125","202.002","429.25","Billable","Northfield","Drills, skill saws, nail guns, etc.","III-Project"
"12324","EXP","ShawnR","0:00:00","0.00","","10/18/2013","Cleanup Supplies","3.125","203.003","634.38","No Charge","Norton","Trash Bags, trash bags, and more trash bags","NORTO-Project01"
"12325","EXP","TomH","0:00:00","0.00","","10/18/2013","Pavers","4.125","204.004","841.52","Billable","Norwell","Stuff used to make a patio or walkway","NORWE-Project02"
"12326","EXP","CoreyM","0:00:00","0.00","","10/18/2013","Wood","5.125","205.005","1050.65","Override","Norwood","Stuff used to build structures and other things","OOO-Project"
"12327","EXP","JamesR","0:00:00","0.00","","10/18/2013","First aid","6.125","206.006","1261.79","Do Not Bill","Oak Bluffs","Stuff used to glue fingers back on or tape wounds shut","UUU-Project"
"12328","EXP","SamS","0:00:00","0.00","","10/18/2013","Plants","7.125","207.007","1474.92","Billable","Oakham","Things you plant in the ground",""
"12329","EXP","ShawnR","0:00:00","0.00","","10/19/2013","Landscape Supplies","8.125","208.008","1690.07","Override","Orange","Compost and other types of poop for plants","AAA-Project"
"12330","EXP","TomH","0:00:00","0.00","","10/19/2013","Snacks","9.125","209.009","1907.21","Billable","Orleans","Nacho chips mostly and some beef jerky","EEE-Project"
"12331","EXP","CoreyM","0:00:00","0.00","","10/19/2013","Consultants","10.125","210.01","2126.35","Billable","Otis","Hiring folks to do stuff we cannot do","III-Project"
"12332","EXP","JamesR","0:00:00","0.00","","10/19/2013","Safety","11.125","211.011","2347.50","Billable","Oxford","Protection for eyes, ears, hands, etc.","OOO-Project"
"12333","EXP","SamS","0:00:00","0.00","","10/19/2013","Hand Tools","1.125","201.001","226.13","Billable","Palmer","Hammers, saws, etc.","PALME-Project01"
"12334","EXP","ShawnR","0:00:00","0.00","","10/19/2013","Power Tools","2.125","202.002","429.25","Billable","Paxton","Drills, skill saws, nail guns, etc.","PAXTO-Project02"
"12335","EXP","TomH","0:00:00","0.00","","10/19/2013","Cleanup Supplies","3.125","203.003","634.38","No Charge","Peabody","Trash Bags, trash bags, and more trash bags","UUU-Project"
"12336","EXP","CoreyM","0:00:00","0.00","","10/19/2013","Pavers","4.125","204.004","841.52","Billable","Pelham","Stuff used to make a patio or walkway",""
"12337","EXP","JamesR","0:00:00","0.00","","10/20/2013","Wood","5.125","205.005","1050.65","Override","Pembroke","Stuff used to build structures and other things","AAA-Project"
"12338","EXP","SamS","0:00:00","0.00","","10/20/2013","First aid","6.125","206.006","1261.79","Do Not Bill","Pepperell","Stuff used to glue fingers back on or tape wounds shut","EEE-Project"
"12339","EXP","ShawnR","0:00:00","0.00","","10/20/2013","Plants","7.125","207.007","1474.92","Billable","Peru","Things you plant in the ground","III-Project"
"12340","EXP","TomH","0:00:00","0.00","","10/20/2013","Landscape Supplies","8.125","208.008","1690.07","Override","Petersham","Compost and other types of poop for plants","OOO-Project"
"12341","EXP","CoreyM","0:00:00","0.00","","10/20/2013","Snacks","9.125","209.009","1907.21","Billable","Phillipston","Nacho chips mostly and some beef jerky","PHILL-Project01"
"12342","EXP","JamesR","0:00:00","0.00","","10/20/2013","Consultants","10.125","210.01","2126.35","Billable","Pittsfield","Hiring folks to do stuff we cannot do","PITTS-Project02"
"12343","EXP","SamS","0:00:00","0.00","","10/20/2013","Safety","11.125","211.011","2347.50","Billable","Plainfield","Protection for eyes, ears, hands, etc.","UUU-Project"
"12344","EXP","ShawnR","0:00:00","0.00","","10/20/2013","Hand Tools","1.125","201.001","226.13","Billable","Plainville","Hammers, saws, etc.",""
"12345","EXP","TomH","0:00:00","0.00","","10/21/2013","Power Tools","2.125","202.002","429.25","Billable","Plymouth","Drills, skill saws, nail guns, etc.","AAA-Project"
"12346","EXP","CoreyM","0:00:00","0.00","","10/21/2013","Cleanup Supplies","3.125","203.003","634.38","No Charge","Plympton","Trash Bags, trash bags, and more trash bags","EEE-Project"
"12347","EXP","JamesR","0:00:00","0.00","","10/21/2013","Pavers","4.125","204.004","841.52","Billable","Princeton","Stuff used to make a patio or walkway","III-Project"
"12348","EXP","SamS","0:00:00","0.00","","10/21/2013","Wood","5.125","205.005","1050.65","Override","Provincetown","Stuff used to build structures and other things","OOO-Project"
"12349","EXP","ShawnR","0:00:00","0.00","","10/21/2013","First aid","6.125","206.006","1261.79","Do Not Bill","Quincy","Stuff used to glue fingers back on or tape wounds shut","QUINC-Project01"
"12350","EXP","TomH","0:00:00","0.00","","10/21/2013","Plants","7.125","207.007","1474.92","Billable","Randolph","Things you plant in the ground","RANDO-Project02"
"12351","EXP","CoreyM","0:00:00","0.00","","10/21/2013","Landscape Supplies","8.125","208.008","1690.07","Override","Raynham","Compost and other types of poop for plants","UUU-Project"
"12352","EXP","JamesR","0:00:00","0.00","","10/21/2013","Snacks","9.125","209.009","1907.21","Billable","Reading","Nacho chips mostly and some beef jerky",""
"12353","EXP","SamS","0:00:00","0.00","","10/22/2013","Consultants","10.125","210.01","2126.35","Billable","Rehoboth","Hiring folks to do stuff we cannot do","AAA-Project"
"12354","EXP","ShawnR","0:00:00","0.00","","10/22/2013","Safety","11.125","211.011","2347.50","Billable","Revere","Protection for eyes, ears, hands, etc.","EEE-Project"
"12355","EXP","TomH","0:00:00","0.00","","10/22/2013","Hand Tools","1.125","201.001","226.13","Billable","Richmond","Hammers, saws, etc.","III-Project"
"12356","EXP","CoreyM","0:00:00","0.00","","10/22/2013","Power Tools","2.125","202.002","429.25","Billable","Rochester","Drills, skill saws, nail guns, etc.","OOO-Project"
"12357","EXP","JamesR","0:00:00","0.00","","10/22/2013","Cleanup Supplies","3.125","203.003","634.38","No Charge","Rockland","Trash Bags, trash bags, and more trash bags","ROCKL-Project01"
"12358","EXP","SamS","0:00:00","0.00","","10/22/2013","Pavers","4.125","204.004","841.52","Billable","Rockport","Stuff used to make a patio or walkway","ROCKP-Project02"
"12359","EXP","ShawnR","0:00:00","0.00","","10/22/2013","Wood","5.125","205.005","1050.65","Override","Rowe","Stuff used to build structures and other things","UUU-Project"
"12360","EXP","TomH","0:00:00","0.00","","10/22/2013","First aid","6.125","206.006","1261.79","Do Not Bill","Rowley","Stuff used to glue fingers back on or tape wounds shut",""
"12361","EXP","CoreyM","0:00:00","0.00","","10/23/2013","Plants","7.125","207.007","1474.92","Billable","Royalston","Things you plant in the ground","AAA-Project"
"12362","EXP","JamesR","0:00:00","0.00","","10/23/2013","Landscape Supplies","8.125","208.008","1690.07","Override","Russell","Compost and other types of poop for plants","EEE-Project"
"12363","EXP","SamS","0:00:00","0.00","","10/23/2013","Snacks","9.125","209.009","1907.21","Billable","Rutland","Nacho chips mostly and some beef jerky","III-Project"
"12364","EXP","ShawnR","0:00:00","0.00","","10/23/2013","Consultants","10.125","210.01","2126.35","Billable","Salem","Hiring folks to do stuff we cannot do","OOO-Project"
"12365","EXP","TomH","0:00:00","0.00","","10/23/2013","Safety","11.125","211.011","2347.50","Billable","Salisbury","Protection for eyes, ears, hands, etc.","SALIS-Project01"
"12366","EXP","CoreyM","0:00:00","0.00","","10/23/2013","Hand Tools","1.125","201.001","226.13","Billable","Sandisfield","Hammers, saws, etc.","SANDI-Project02"
"12367","EXP","JamesR","0:00:00","0.00","","10/23/2013","Power Tools","2.125","202.002","429.25","Billable","Sandwich","Drills, skill saws, nail guns, etc.","UUU-Project"
"12368","EXP","SamS","0:00:00","0.00","","10/23/2013","Cleanup Supplies","3.125","203.003","634.38","No Charge","Saugus","Trash Bags, trash bags, and more trash bags",""
"12369","EXP","ShawnR","0:00:00","0.00","","10/24/2013","Pavers","4.125","204.004","841.52","Billable","Savoy","Stuff used to make a patio or walkway","AAA-Project"
"12370","EXP","TomH","0:00:00","0.00","","10/24/2013","Wood","5.125","205.005","1050.65","Override","Scituate","Stuff used to build structures and other things","EEE-Project"
"12371","EXP","CoreyM","0:00:00","0.00","","10/24/2013","First aid","6.125","206.006","1261.79","Do Not Bill","Seekonk","Stuff used to glue fingers back on or tape wounds shut","III-Project"
"12372","EXP","JamesR","0:00:00","0.00","","10/24/2013","Plants","7.125","207.007","1474.92","Billable","Sharon","Things you plant in the ground","OOO-Project"
"12373","EXP","SamS","0:00:00","0.00","","10/24/2013","Landscape Supplies","8.125","208.008","1690.07","Override","Sheffield","Compost and other types of poop for plants","SHEFF-Project01"
"12374","EXP","ShawnR","0:00:00","0.00","","10/24/2013","Snacks","9.125","209.009","1907.21","Billable","Shelburne","Nacho chips mostly and some beef jerky","SHELB-Project02"
"12375","EXP","TomH","0:00:00","0.00","","10/24/2013","Consultants","10.125","210.01","2126.35","Billable","Sherborn","Hiring folks to do stuff we cannot do","UUU-Project"
"12376","EXP","CoreyM","0:00:00","0.00","","10/24/2013","Safety","11.125","211.011","2347.50","Billable","Shirley","Protection for eyes, ears, hands, etc.",""
"12377","EXP","JamesR","0:00:00","0.00","","10/25/2013","Hand Tools","1.125","201.001","226.13","Billable","Shrewsbury","Hammers, saws, etc.","AAA-Project"
"12378","EXP","SamS","0:00:00","0.00","","10/25/2013","Power Tools","2.125","202.002","429.25","Billable","Shutesbury","Drills, skill saws, nail guns, etc.","EEE-Project"
"12379","EXP","ShawnR","0:00:00","0.00","","10/25/2013","Cleanup Supplies","3.125","203.003","634.38","No Charge","Somerset","Trash Bags, trash bags, and more trash bags","III-Project"
"12380","EXP","TomH","0:00:00","0.00","","10/25/2013","Pavers","4.125","204.004","841.52","Billable","Somerville","Stuff used to make a patio or walkway","OOO-Project"
"12381","EXP","CoreyM","0:00:00","0.00","","10/25/2013","Wood","5.125","205.005","1050.65","Override","South.Hadley","Stuff used to build structures and other things","SOUTH-Project01"
"12382","EXP","JamesR","0:00:00","0.00","","10/25/2013","First aid","6.125","206.006","1261.79","Do Not Bill","Southampton","Stuff used to glue fingers back on or tape wounds shut","SOUTH-Project02"
"12383","EXP","SamS","0:00:00","0.00","","10/25/2013","Plants","7.125","207.007","1474.92","Billable","Southborough","Things you plant in the ground","UUU-Project"
"12384","EXP","ShawnR","0:00:00","0.00","","10/25/2013","Landscape Supplies","8.125","208.008","1690.07","Override","Southbridge","Compost and other types of poop for plants",""
"12385","EXP","TomH","0:00:00","0.00","","10/26/2013","Snacks","9.125","209.009","1907.21","Billable","Southwick","Nacho chips mostly and some beef jerky","AAA-Project"
"12386","EXP","CoreyM","0:00:00","0.00","","10/26/2013","Consultants","10.125","210.01","2126.35","Billable","Spencer","Hiring folks to do stuff we cannot do","EEE-Project"
"12387","EXP","JamesR","0:00:00","0.00","","10/26/2013","Safety","11.125","211.011","2347.50","Billable","Springfield","Protection for eyes, ears, hands, etc.","III-Project"
"12388","EXP","SamS","0:00:00","0.00","","10/26/2013","Hand Tools","1.125","201.001","226.13","Billable","Sterling","Hammers, saws, etc.","OOO-Project"
"12389","EXP","ShawnR","0:00:00","0.00","","10/26/2013","Power Tools","2.125","202.002","429.25","Billable","Stockbridge","Drills, skill saws, nail guns, etc.","STOCK-Project01"
"12390","EXP","TomH","0:00:00","0.00","","10/26/2013","Cleanup Supplies","3.125","203.003","634.38","No Charge","Stoneham","Trash Bags, trash bags, and more trash bags","STONE-Project02"
"12391","EXP","CoreyM","0:00:00","0.00","","10/26/2013","Pavers","4.125","204.004","841.52","Billable","Stoughton","Stuff used to make a patio or walkway","UUU-Project"
"12392","EXP","JamesR","0:00:00","0.00","","10/26/2013","Wood","5.125","205.005","1050.65","Override","Stow","Stuff used to build structures and other things",""
"12393","EXP","SamS","0:00:00","0.00","","10/27/2013","First aid","6.125","206.006","1261.79","Do Not Bill","Sturbridge","Stuff used to glue fingers back on or tape wounds shut","AAA-Project"
"12394","EXP","ShawnR","0:00:00","0.00","","10/27/2013","Plants","7.125","207.007","1474.92","Billable","Sudbury","Things you plant in the ground","EEE-Project"
"12395","EXP","TomH","0:00:00","0.00","","10/27/2013","Landscape Supplies","8.125","208.008","1690.07","Override","Sunderland","Compost and other types of poop for plants","III-Project"
"12396","EXP","CoreyM","0:00:00","0.00","","10/27/2013","Snacks","9.125","209.009","1907.21","Billable","Sutton","Nacho chips mostly and some beef jerky","OOO-Project"
"12397","EXP","JamesR","0:00:00","0.00","","10/27/2013","Consultants","10.125","210.01","2126.35","Billable","Swampscott","Hiring folks to do stuff we cannot do","SWAMP-Project01"
"12398","EXP","SamS","0:00:00","0.00","","10/27/2013","Safety","11.125","211.011","2347.50","Billable","Swansea","Protection for eyes, ears, hands, etc.","SWANS-Project02"
"12399","EXP","ShawnR","0:00:00","0.00","","10/27/2013","Hand Tools","1.125","201.001","226.13","Billable","Taunton","Hammers, saws, etc.","UUU-Project"
"12400","EXP","TomH","0:00:00","0.00","","10/27/2013","Power Tools","2.125","202.002","429.25","Billable","Templeton","Drills, skill saws, nail guns, etc.",""
"12401","EXP","CoreyM","0:00:00","0.00","","10/28/2013","Cleanup Supplies","3.125","203.003","634.38","No Charge","Tewksbury","Trash Bags, trash bags, and more trash bags","AAA-Project"
"12402","EXP","JamesR","0:00:00","0.00","","10/28/2013","Pavers","4.125","204.004","841.52","Billable","Tisbury","Stuff used to make a patio or walkway","EEE-Project"
"12403","EXP","SamS","0:00:00","0.00","","10/28/2013","Wood","5.125","205.005","1050.65","Override","Tolland","Stuff used to build structures and other things","III-Project"
"12404","EXP","ShawnR","0:00:00","0.00","","10/28/2013","First aid","6.125","206.006","1261.79","Do Not Bill","Topsfield","Stuff used to glue fingers back on or tape wounds shut","OOO-Project"
"12405","EXP","TomH","0:00:00","0.00","","10/28/2013","Plants","7.125","207.007","1474.92","Billable","Townsend","Things you plant in the ground","TOWNS-Project01"
"12406","EXP","CoreyM","0:00:00","0.00","","10/28/2013","Landscape Supplies","8.125","208.008","1690.07","Override","Truro","Compost and other types of poop for plants","TRURO-Project02"
"12407","EXP","JamesR","0:00:00","0.00","","10/28/2013","Snacks","9.125","209.009","1907.21","Billable","Tyngsborough","Nacho chips mostly and some beef jerky","UUU-Project"
"12408","EXP","SamS","0:00:00","0.00","","10/28/2013","Consultants","10.125","210.01","2126.35","Billable","Tyringham","Hiring folks to do stuff we cannot do",""
"12409","EXP","ShawnR","0:00:00","0.00","","10/29/2013","Safety","11.125","211.011","2347.50","Billable","Upton","Protection for eyes, ears, hands, etc.","AAA-Project"
"12410","EXP","TomH","0:00:00","0.00","","10/29/2013","Hand Tools","1.125","201.001","226.13","Billable","Uxbridge","Hammers, saws, etc.","EEE-Project"
"12411","EXP","CoreyM","0:00:00","0.00","","10/29/2013","Power Tools","2.125","202.002","429.25","Billable","Wakefield","Drills, skill saws, nail guns, etc.","III-Project"
"12412","EXP","JamesR","0:00:00","0.00","","10/29/2013","Cleanup Supplies","3.125","203.003","634.38","No Charge","Wales","Trash Bags, trash bags, and more trash bags","OOO-Project"
"12413","EXP","SamS","0:00:00","0.00","","10/29/2013","Pavers","4.125","204.004","841.52","Billable","Walpole","Stuff used to make a patio or walkway","UUU-Project"
"12414","EXP","ShawnR","0:00:00","0.00","","10/29/2013","Wood","5.125","205.005","1050.65","Override","Waltham","Stuff used to build structures and other things","WALTH-Project01"
"12415","EXP","TomH","0:00:00","0.00","","10/29/2013","First aid","6.125","206.006","1261.79","Do Not Bill","Ware","Stuff used to glue fingers back on or tape wounds shut","WARE-Project02"
"12416","EXP","CoreyM","0:00:00","0.00","","10/29/2013","Plants","7.125","207.007","1474.92","Billable","Wareham","Things you plant in the ground",""
"12417","EXP","JamesR","0:00:00","0.00","","10/30/2013","Landscape Supplies","8.125","208.008","1690.07","Override","Warren","Compost and other types of poop for plants","AAA-Project"
"12418","EXP","SamS","0:00:00","0.00","","10/30/2013","Snacks","9.125","209.009","1907.21","Billable","Warwick","Nacho chips mostly and some beef jerky","EEE-Project"
"12419","EXP","ShawnR","0:00:00","0.00","","10/30/2013","Consultants","10.125","210.01","2126.35","Billable","Washington","Hiring folks to do stuff we cannot do","III-Project"
"12420","EXP","TomH","0:00:00","0.00","","10/30/2013","Safety","11.125","211.011","2347.50","Billable","Watertown","Protection for eyes, ears, hands, etc.","OOO-Project"
"12421","EXP","CoreyM","0:00:00","0.00","","10/30/2013","Hand Tools","1.125","201.001","226.13","Billable","Wayland","Hammers, saws, etc.","UUU-Project"
"12422","EXP","JamesR","0:00:00","0.00","","10/30/2013","Power Tools","2.125","202.002","429.25","Billable","Webster","Drills, skill saws, nail guns, etc.","WEBST-Project01"
"12423","EXP","SamS","0:00:00","0.00","","10/30/2013","Cleanup Supplies","3.125","203.003","634.38","No Charge","Wellesley","Trash Bags, trash bags, and more trash bags","WELLE-Project02"
"12424","EXP","ShawnR","0:00:00","0.00","","10/30/2013","Pavers","4.125","204.004","841.52","Billable","Wellfleet","Stuff used to make a patio or walkway",""
"12425","EXP","TomH","0:00:00","0.00","","10/31/2013","Wood","5.125","205.005","1050.65","Override","Wendell","Stuff used to build structures and other things","AAA-Project"
"12426","EXP","CoreyM","0:00:00","0.00","","10/31/2013","First aid","6.125","206.006","1261.79","Do Not Bill","Wenham","Stuff used to glue fingers back on or tape wounds shut","EEE-Project"
"12427","EXP","JamesR","0:00:00","0.00","","10/31/2013","Plants","7.125","207.007","1474.92","Billable","West.Boylston","Things you plant in the ground","III-Project"
"12428","EXP","SamS","0:00:00","0.00","","10/31/2013","Landscape Supplies","8.125","208.008","1690.07","Override","West.Bridgewater","Compost and other types of poop for plants","OOO-Project"
"12429","EXP","ShawnR","0:00:00","0.00","","10/31/2013","Snacks","9.125","209.009","1907.21","Billable","West.Brookfield","Nacho chips mostly and some beef jerky","UUU-Project"
"12430","EXP","TomH","0:00:00","0.00","","10/31/2013","Consultants","10.125","210.01","2126.35","Billable","West.Newbury","Hiring folks to do stuff we cannot do","WESTN-Project01"
"12431","EXP","CoreyM","0:00:00","0.00","","10/31/2013","Safety","11.125","211.011","2347.50","Billable","West.Springfield","Protection for eyes, ears, hands, etc.","WESTS-Project02"
"12432","EXP","JamesR","0:00:00","0.00","","10/31/2013","Hand Tools","1.125","201.001","226.13","Billable","West.Stockbridge","Hammers, saws, etc.",""
"12433","EXP","SamS","0:00:00","0.00","","11/01/2013","Power Tools","2.125","202.002","429.25","Billable","West.Tisbury","Drills, skill saws, nail guns, etc.","AAA-Project"
"12434","EXP","ShawnR","0:00:00","0.00","","11/01/2013","Cleanup Supplies","3.125","203.003","634.38","No Charge","Westborough","Trash Bags, trash bags, and more trash bags","EEE-Project"
"12435","EXP","TomH","0:00:00","0.00","","11/01/2013","Pavers","4.125","204.004","841.52","Billable","Westfield","Stuff used to make a patio or walkway","III-Project"
"12436","EXP","CoreyM","0:00:00","0.00","","11/01/2013","Wood","5.125","205.005","1050.65","Override","Westford","Stuff used to build structures and other things","OOO-Project"
"12437","EXP","JamesR","0:00:00","0.00","","11/01/2013","First aid","6.125","206.006","1261.79","Do Not Bill","Westhampton","Stuff used to glue fingers back on or tape wounds shut","UUU-Project"
"12438","EXP","SamS","0:00:00","0.00","","11/01/2013","Plants","7.125","207.007","1474.92","Billable","Westminster","Things you plant in the ground","WESTM-Project01"
"12439","EXP","ShawnR","0:00:00","0.00","","11/01/2013","Landscape Supplies","8.125","208.008","1690.07","Override","Weston","Compost and other types of poop for plants","WESTO-Project02"
"12440","EXP","TomH","0:00:00","0.00","","11/01/2013","Snacks","9.125","209.009","1907.21","Billable","Westport","Nacho chips mostly and some beef jerky",""
"12441","EXP","CoreyM","0:00:00","0.00","","11/02/2013","Consultants","10.125","210.01","2126.35","Billable","Westwood","Hiring folks to do stuff we cannot do","AAA-Project"
"12442","EXP","JamesR","0:00:00","0.00","","11/02/2013","Safety","11.125","211.011","2347.50","Billable","Weymouth","Protection for eyes, ears, hands, etc.","EEE-Project"
"12443","EXP","SamS","0:00:00","0.00","","11/02/2013","Hand Tools","1.125","201.001","226.13","Billable","Whately","Hammers, saws, etc.","III-Project"
"12444","EXP","ShawnR","0:00:00","0.00","","11/02/2013","Power Tools","2.125","202.002","429.25","Billable","Whitman","Drills, skill saws, nail guns, etc.","OOO-Project"
"12445","EXP","TomH","0:00:00","0.00","","11/02/2013","Cleanup Supplies","3.125","203.003","634.38","No Charge","Wilbraham","Trash Bags, trash bags, and more trash bags","UUU-Project"
"12446","EXP","CoreyM","0:00:00","0.00","","11/02/2013","Pavers","4.125","204.004","841.52","Billable","Williamsburg","Stuff used to make a patio or walkway","WILLI-Project01"
"12447","EXP","JamesR","0:00:00","0.00","","11/02/2013","Wood","5.125","205.005","1050.65","Override","Williamstown","Stuff used to build structures and other things","WILLI-Project02"
"12448","EXP","SamS","0:00:00","0.00","","11/02/2013","First aid","6.125","206.006","1261.79","Do Not Bill","Wilmington","Stuff used to glue fingers back on or tape wounds shut",""
"12449","EXP","ShawnR","0:00:00","0.00","","11/03/2013","Plants","7.125","207.007","1474.92","Billable","Winchendon","Things you plant in the ground","AAA-Project"
"12450","EXP","TomH","0:00:00","0.00","","11/03/2013","Landscape Supplies","8.125","208.008","1690.07","Override","Winchester","Compost and other types of poop for plants","EEE-Project"
"12451","EXP","CoreyM","0:00:00","0.00","","11/03/2013","Snacks","9.125","209.009","1907.21","Billable","Windsor","Nacho chips mostly and some beef jerky","III-Project"
"12452","EXP","JamesR","0:00:00","0.00","","11/03/2013","Consultants","10.125","210.01","2126.35","Billable","Winthrop","Hiring folks to do stuff we cannot do","OOO-Project"
"12453","EXP","SamS","0:00:00","0.00","","11/03/2013","Safety","11.125","211.011","2347.50","Billable","Woburn","Protection for eyes, ears, hands, etc.","UUU-Project"
"12454","EXP","ShawnR","0:00:00","0.00","","11/03/2013","Hand Tools","1.125","201.001","226.13","Billable","Worcester","Hammers, saws, etc.","WORCE-Project01"
"12455","EXP","TomH","0:00:00","0.00","","11/03/2013","Power Tools","2.125","202.002","429.25","Billable","Worthington","Drills, skill saws, nail guns, etc.","WORTH-Project02"
"12456","EXP","CoreyM","0:00:00","0.00","","11/03/2013","Cleanup Supplies","3.125","203.003","634.38","No Charge","Wrentham","Trash Bags, trash bags, and more trash bags",""
"12457","EXP","JamesR","0:00:00","0.00","","11/04/2013","Pavers","4.125","204.004","841.52","Billable","Yarmouth","Stuff used to make a patio or walkway","AAA-Project"
"12458","EXP","SamS","0:00:00","0.00","","11/04/2013","Wood","5.125","205.005","1050.65","Override","Abington","Stuff used to build structures and other things","ABING-Project01"
"12459","EXP","ShawnR","0:00:00","0.00","","11/04/2013","First aid","6.125","206.006","1261.79","Do Not Bill","Acton","Stuff used to glue fingers back on or tape wounds shut","ACTON-Project02"
"12460","EXP","TomH","0:00:00","0.00","","11/04/2013","Plants","7.125","207.007","1474.92","Billable","Acushnet","Things you plant in the ground","EEE-Project"
"12461","EXP","CoreyM","0:00:00","0.00","","11/04/2013","Landscape Supplies","8.125","208.008","1690.07","Override","Adams","Compost and other types of poop for plants","III-Project"
"12462","EXP","JamesR","0:00:00","0.00","","11/04/2013","Snacks","9.125","209.009","1907.21","Billable","Agawam","Nacho chips mostly and some beef jerky","OOO-Project"
"12463","EXP","SamS","0:00:00","0.00","","11/04/2013","Consultants","10.125","210.01","2126.35","Billable","Alford","Hiring folks to do stuff we cannot do","UUU-Project"
"12464","EXP","ShawnR","0:00:00","0.00","","11/04/2013","Safety","11.125","211.011","2347.50","Billable","Amesbury","Protection for eyes, ears, hands, etc.",""
"12465","EXP","TomH","0:00:00","0.00","","11/05/2013","Hand Tools","1.125","201.001","226.13","Billable","Amherst","Hammers, saws, etc.","AAA-Project"
"12466","EXP","CoreyM","0:00:00","0.00","","11/05/2013","Power Tools","2.125","202.002","429.25","Billable","Andover","Drills, skill saws, nail guns, etc.","ANDOV-Project01"
"12467","EXP","JamesR","0:00:00","0.00","","11/05/2013","Cleanup Supplies","3.125","203.003","634.38","No Charge","Aquinnah","Trash Bags, trash bags, and more trash bags","AQUIN-Project02"
"12468","EXP","SamS","0:00:00","0.00","","11/05/2013","Pavers","4.125","204.004","841.52","Billable","Arlington","Stuff used to make a patio or walkway","EEE-Project"
"12469","EXP","ShawnR","0:00:00","0.00","","11/05/2013","Wood","5.125","205.005","1050.65","Override","Ashburnham","Stuff used to build structures and other things","III-Project"
"12470","EXP","TomH","0:00:00","0.00","","11/05/2013","First aid","6.125","206.006","1261.79","Do Not Bill","Ashby","Stuff used to glue fingers back on or tape wounds shut","OOO-Project"
"12471","EXP","CoreyM","0:00:00","0.00","","11/05/2013","Plants","7.125","207.007","1474.92","Billable","Ashfield","Things you plant in the ground","UUU-Project"
"12472","EXP","JamesR","0:00:00","0.00","","11/05/2013","Landscape Supplies","8.125","208.008","1690.07","Override","Ashland","Compost and other types of poop for plants",""
"12473","EXP","SamS","0:00:00","0.00","","11/06/2013","Snacks","9.125","209.009","1907.21","Billable","Athol","Nacho chips mostly and some beef jerky","AAA-Project"
"12474","EXP","ShawnR","0:00:00","0.00","","11/06/2013","Consultants","10.125","210.01","2126.35","Billable","Attleboro","Hiring folks to do stuff we cannot do","ATTLE-Project01"
"12475","EXP","TomH","0:00:00","0.00","","11/06/2013","Safety","11.125","211.011","2347.50","Billable","Auburn","Protection for eyes, ears, hands, etc.","AUBUR-Project02"
"12476","EXP","CoreyM","0:00:00","0.00","","11/06/2013","Hand Tools","1.125","201.001","226.13","Billable","Avon","Hammers, saws, etc.","EEE-Project"
"12477","EXP","JamesR","0:00:00","0.00","","11/06/2013","Power Tools","2.125","202.002","429.25","Billable","Ayer","Drills, skill saws, nail guns, etc.","III-Project"
"12478","EXP","SamS","0:00:00","0.00","","11/06/2013","Cleanup Supplies","3.125","203.003","634.38","No Charge","Barnstable","Trash Bags, trash bags, and more trash bags","OOO-Project"
"12479","EXP","ShawnR","0:00:00","0.00","","11/06/2013","Pavers","4.125","204.004","841.52","Billable","Barre","Stuff used to make a patio or walkway","UUU-Project"
"12480","EXP","TomH","0:00:00","0.00","","11/06/2013","Wood","5.125","205.005","1050.65","Override","Becket","Stuff used to build structures and other things",""
"12481","EXP","CoreyM","0:00:00","0.00","","11/07/2013","First aid","6.125","206.006","1261.79","Do Not Bill","Bedford","Stuff used to glue fingers back on or tape wounds shut","AAA-Project"
"12482","EXP","JamesR","0:00:00","0.00","","11/07/2013","Plants","7.125","207.007","1474.92","Billable","Belchertown","Things you plant in the ground","BELCH-Project01"
"12483","EXP","SamS","0:00:00","0.00","","11/07/2013","Landscape Supplies","8.125","208.008","1690.07","Override","Bellingham","Compost and other types of poop for plants","BELLI-Project02"
"12484","EXP","ShawnR","0:00:00","0.00","","11/07/2013","Snacks","9.125","209.009","1907.21","Billable","Belmont","Nacho chips mostly and some beef jerky","EEE-Project"
"12485","EXP","TomH","0:00:00","0.00","","11/07/2013","Consultants","10.125","210.01","2126.35","Billable","Berkley","Hiring folks to do stuff we cannot do","III-Project"
"12486","EXP","CoreyM","0:00:00","0.00","","11/07/2013","Safety","11.125","211.011","2347.50","Billable","Berlin","Protection for eyes, ears, hands, etc.","OOO-Project"
"12487","EXP","JamesR","0:00:00","0.00","","11/07/2013","Hand Tools","1.125","201.001","226.13","Billable","Bernardston","Hammers, saws, etc.","UUU-Project"
"12488","EXP","SamS","0:00:00","0.00","","11/07/2013","Power Tools","2.125","202.002","429.25","Billable","Beverly","Drills, skill saws, nail guns, etc.",""
"12489","EXP","ShawnR","0:00:00","0.00","","11/08/2013","Cleanup Supplies","3.125","203.003","634.38","No Charge","Billerica","Trash Bags, trash bags, and more trash bags","AAA-Project"
"12490","EXP","TomH","0:00:00","0.00","","11/08/2013","Pavers","4.125","204.004","841.52","Billable","Blackstone","Stuff used to make a patio or walkway","BLACK-Project01"
"12491","EXP","CoreyM","0:00:00","0.00","","11/08/2013","Wood","5.125","205.005","1050.65","Override","Blandford","Stuff used to build structures and other things","BLAND-Project02"
"12492","EXP","JamesR","0:00:00","0.00","","11/08/2013","First aid","6.125","206.006","1261.79","Do Not Bill","Bolton","Stuff used to glue fingers back on or tape wounds shut","EEE-Project"
"12493","EXP","SamS","0:00:00","0.00","","11/08/2013","Plants","7.125","207.007","1474.92","Billable","Boston","Things you plant in the ground","III-Project"
"12494","EXP","ShawnR","0:00:00","0.00","","11/08/2013","Landscape Supplies","8.125","208.008","1690.07","Override","Bourne","Compost and other types of poop for plants","OOO-Project"
"12495","EXP","TomH","0:00:00","0.00","","11/08/2013","Snacks","9.125","209.009","1907.21","Billable","Boxborough","Nacho chips mostly and some beef jerky","UUU-Project"
"12496","EXP","CoreyM","0:00:00","0.00","","11/08/2013","Consultants","10.125","210.01","2126.35","Billable","Boxford","Hiring folks to do stuff we cannot do",""
"12497","EXP","JamesR","0:00:00","0.00","","11/09/2013","Safety","11.125","211.011","2347.50","Billable","Boylston","Protection for eyes, ears, hands, etc.","AAA-Project"
"12498","EXP","SamS","0:00:00","0.00","","11/09/2013","Hand Tools","1.125","201.001","226.13","Billable","Braintree","Hammers, saws, etc.","BRAIN-Project01"
"12499","EXP","ShawnR","0:00:00","0.00","","11/09/2013","Power Tools","2.125","202.002","429.25","Billable","Brewster","Drills, skill saws, nail guns, etc.","BREWS-Project02"
"12500","EXP","TomH","0:00:00","0.00","","11/09/2013","Cleanup Supplies","3.125","203.003","634.38","No Charge","Bridgewater","Trash Bags, trash bags, and more trash bags","EEE-Project"
"12501","EXP","CoreyM","0:00:00","0.00","","11/09/2013","Pavers","4.125","204.004","841.52","Billable","Brimfield","Stuff used to make a patio or walkway","III-Project"
"12502","EXP","JamesR","0:00:00","0.00","","11/09/2013","Wood","5.125","205.005","1050.65","Override","Brockton","Stuff used to build structures and other things","OOO-Project"
"12503","EXP","SamS","0:00:00","0.00","","11/09/2013","First aid","6.125","206.006","1261.79","Do Not Bill","Brookfield","Stuff used to glue fingers back on or tape wounds shut","UUU-Project"
"12504","EXP","ShawnR","0:00:00","0.00","","11/09/2013","Plants","7.125","207.007","1474.92","Billable","Brookline","Things you plant in the ground",""
"12505","EXP","TomH","0:00:00","0.00","","11/10/2013","Landscape Supplies","8.125","208.008","1690.07","Override","Buckland","Compost and other types of poop for plants","AAA-Project"
"12506","EXP","CoreyM","0:00:00","0.00","","11/10/2013","Snacks","9.125","209.009","1907.21","Billable","Burlington","Nacho chips mostly and some beef jerky","BURLI-Project01"
"12507","EXP","JamesR","0:00:00","0.00","","11/10/2013","Consultants","10.125","210.01","2126.35","Billable","Cambridge","Hiring folks to do stuff we cannot do","CAMBR-Project02"
"12508","EXP","SamS","0:00:00","0.00","","11/10/2013","Safety","11.125","211.011","2347.50","Billable","Canton","Protection for eyes, ears, hands, etc.","EEE-Project"
"12509","EXP","ShawnR","0:00:00","0.00","","11/10/2013","Hand Tools","1.125","201.001","226.13","Billable","Carlisle","Hammers, saws, etc.","III-Project"
"12510","EXP","TomH","0:00:00","0.00","","11/10/2013","Power Tools","2.125","202.002","429.25","Billable","Carver","Drills, skill saws, nail guns, etc.","OOO-Project"
"12511","EXP","CoreyM","0:00:00","0.00","","11/10/2013","Cleanup Supplies","3.125","203.003","634.38","No Charge","Charlemont","Trash Bags, trash bags, and more trash bags","UUU-Project"
"12512","EXP","JamesR","0:00:00","0.00","","11/10/2013","Pavers","4.125","204.004","841.52","Billable","Charlton","Stuff used to make a patio or walkway",""
"12513","EXP","SamS","0:00:00","0.00","","11/11/2013","Wood","5.125","205.005","1050.65","Override","Chatham","Stuff used to build structures and other things","AAA-Project"
"12514","EXP","ShawnR","0:00:00","0.00","","11/11/2013","First aid","6.125","206.006","1261.79","Do Not Bill","Chelmsford","Stuff used to glue fingers back on or tape wounds shut","CHELM-Project01"
"12515","EXP","TomH","0:00:00","0.00","","11/11/2013","Plants","7.125","207.007","1474.92","Billable","Chelsea","Things you plant in the ground","CHELS-Project02"
"12516","EXP","CoreyM","0:00:00","0.00","","11/11/2013","Landscape Supplies","8.125","208.008","1690.07","Override","Cheshire","Compost and other types of poop for plants","EEE-Project"
"12517","EXP","JamesR","0:00:00","0.00","","11/11/2013","Snacks","9.125","209.009","1907.21","Billable","Chester","Nacho chips mostly and some beef jerky","III-Project"
"12518","EXP","SamS","0:00:00","0.00","","11/11/2013","Consultants","10.125","210.01","2126.35","Billable","Chesterfield","Hiring folks to do stuff we cannot do","OOO-Project"
"12519","EXP","ShawnR","0:00:00","0.00","","11/11/2013","Safety","11.125","211.011","2347.50","Billable","Chicopee","Protection for eyes, ears, hands, etc.","UUU-Project"
"12520","EXP","TomH","0:00:00","0.00","","11/11/2013","Hand Tools","1.125","201.001","226.13","Billable","Chilmark","Hammers, saws, etc.",""
"12521","EXP","CoreyM","0:00:00","0.00","","11/12/2013","Power Tools","2.125","202.002","429.25","Billable","Clarksburg","Drills, skill saws, nail guns, etc.","AAA-Project"
"12522","EXP","JamesR","0:00:00","0.00","","11/12/2013","Cleanup Supplies","3.125","203.003","634.38","No Charge","Clinton","Trash Bags, trash bags, and more trash bags","CLINT-Project01"
"12523","EXP","SamS","0:00:00","0.00","","11/12/2013","Pavers","4.125","204.004","841.52","Billable","Cohasset","Stuff used to make a patio or walkway","COHAS-Project02"
"12524","EXP","ShawnR","0:00:00","0.00","","11/12/2013","Wood","5.125","205.005","1050.65","Override","Colrain","Stuff used to build structures and other things","EEE-Project"
"12525","EXP","TomH","0:00:00","0.00","","11/12/2013","First aid","6.125","206.006","1261.79","Do Not Bill","Concord","Stuff used to glue fingers back on or tape wounds shut","III-Project"
"12526","EXP","CoreyM","0:00:00","0.00","","11/12/2013","Plants","7.125","207.007","1474.92","Billable","Conway","Things you plant in the ground","OOO-Project"
"12527","EXP","JamesR","0:00:00","0.00","","11/12/2013","Landscape Supplies","8.125","208.008","1690.07","Override","Cummington","Compost and other types of poop for plants","UUU-Project"
"12528","EXP","SamS","0:00:00","0.00","","11/12/2013","Snacks","9.125","209.009","1907.21","Billable","Dalton","Nacho chips mostly and some beef jerky",""
"12529","EXP","ShawnR","0:00:00","0.00","","11/13/2013","Consultants","10.125","210.01","2126.35","Billable","Danvers","Hiring folks to do stuff we cannot do","AAA-Project"
"12530","EXP","TomH","0:00:00","0.00","","11/13/2013","Safety","11.125","211.011","2347.50","Billable","Dartmouth","Protection for eyes, ears, hands, etc.","DARTM-Project01"
"12531","EXP","CoreyM","0:00:00","0.00","","11/13/2013","Hand Tools","1.125","201.001","226.13","Billable","Dedham","Hammers, saws, etc.","DEDHA-Project02"
"12532","EXP","JamesR","0:00:00","0.00","","11/13/2013","Power Tools","2.125","202.002","429.25","Billable","Deerfield","Drills, skill saws, nail guns, etc.","EEE-Project"
"12533","EXP","SamS","0:00:00","0.00","","11/13/2013","Cleanup Supplies","3.125","203.003","634.38","No Charge","Dennis","Trash Bags, trash bags, and more trash bags","III-Project"
"12534","EXP","ShawnR","0:00:00","0.00","","11/13/2013","Pavers","4.125","204.004","841.52","Billable","Dighton","Stuff used to make a patio or walkway","OOO-Project"
"12535","EXP","TomH","0:00:00","0.00","","11/13/2013","Wood","5.125","205.005","1050.65","Override","Douglas","Stuff used to build structures and other things","UUU-Project"
"12536","EXP","CoreyM","0:00:00","0.00","","11/13/2013","First aid","6.125","206.006","1261.79","Do Not Bill","Dover","Stuff used to glue fingers back on or tape wounds shut",""
"12537","EXP","JamesR","0:00:00","0.00","","11/14/2013","Plants","7.125","207.007","1474.92","Billable","Dracut","Things you plant in the ground","AAA-Project"
"12538","EXP","SamS","0:00:00","0.00","","11/14/2013","Landscape Supplies","8.125","208.008","1690.07","Override","Dudley","Compost and other types of poop for plants","DUDLE-Project01"
"12539","EXP","ShawnR","0:00:00","0.00","","11/14/2013","Snacks","9.125","209.009","1907.21","Billable","Dunstable","Nacho chips mostly and some beef jerky","DUNST-Project02"
"12540","EXP","TomH","0:00:00","0.00","","11/14/2013","Consultants","10.125","210.01","2126.35","Billable","Duxbury","Hiring folks to do stuff we cannot do","EEE-Project"
"12541","EXP","CoreyM","0:00:00","0.00","","11/14/2013","Safety","11.125","211.011","2347.50","Billable","East.Bridgewater","Protection for eyes, ears, hands, etc.","III-Project"
"12542","EXP","JamesR","0:00:00","0.00","","11/14/2013","Hand Tools","1.125","201.001","226.13","Billable","East.Brookfield","Hammers, saws, etc.","OOO-Project"
"12543","EXP","SamS","0:00:00","0.00","","11/14/2013","Power Tools","2.125","202.002","429.25","Billable","East.Longmeadow","Drills, skill saws, nail guns, etc.","UUU-Project"
"12544","EXP","ShawnR","0:00:00","0.00","","11/14/2013","Cleanup Supplies","3.125","203.003","634.38","No Charge","Eastham","Trash Bags, trash bags, and more trash bags",""
"12545","EXP","TomH","0:00:00","0.00","","11/15/2013","Pavers","4.125","204.004","841.52","Billable","Easthampton","Stuff used to make a patio or walkway","AAA-Project"
"12546","EXP","CoreyM","0:00:00","0.00","","11/15/2013","Wood","5.125","205.005","1050.65","Override","Easton","Stuff used to build structures and other things","EASTO-Project01"
"12547","EXP","JamesR","0:00:00","0.00","","11/15/2013","First aid","6.125","206.006","1261.79","Do Not Bill","Edgartown","Stuff used to glue fingers back on or tape wounds shut","EDGAR-Project02"
"12548","EXP","SamS","0:00:00","0.00","","11/15/2013","Plants","7.125","207.007","1474.92","Billable","Egremont","Things you plant in the ground","EGREM-Project02"
"12549","EXP","ShawnR","0:00:00","0.00","","11/15/2013","Landscape Supplies","8.125","208.008","1690.07","Override","Erving","Compost and other types of poop for plants","III-Project"
"12550","EXP","TomH","0:00:00","0.00","","11/15/2013","Snacks","9.125","209.009","1907.21","Billable","Essex","Nacho chips mostly and some beef jerky","OOO-Project"
"12551","EXP","CoreyM","0:00:00","0.00","","11/15/2013","Consultants","10.125","210.01","2126.35","Billable","Everett","Hiring folks to do stuff we cannot do","UUU-Project"
"12552","EXP","JamesR","0:00:00","0.00","","11/15/2013","Safety","11.125","211.011","2347.50","Billable","Fairhaven","Protection for eyes, ears, hands, etc.",""
"12553","EXP","SamS","0:00:00","0.00","","11/16/2013","Hand Tools","1.125","201.001","226.13","Billable","Fall River","Hammers, saws, etc.","AAA-Project"
"12554","EXP","ShawnR","0:00:00","0.00","","11/16/2013","Power Tools","2.125","202.002","429.25","Billable","Falmouth","Drills, skill saws, nail guns, etc.","EEE-Project"
"12555","EXP","TomH","0:00:00","0.00","","11/16/2013","Cleanup Supplies","3.125","203.003","634.38","No Charge","Fitchburg","Trash Bags, trash bags, and more trash bags","FITCH-Project01"
"12556","EXP","CoreyM","0:00:00","0.00","","11/16/2013","Pavers","4.125","204.004","841.52","Billable","Florida","Stuff used to make a patio or walkway","FLORI-Project02"
"12557","EXP","JamesR","0:00:00","0.00","","11/16/2013","Wood","5.125","205.005","1050.65","Override","Foxborough","Stuff used to build structures and other things","III-Project"
"12558","EXP","SamS","0:00:00","0.00","","11/16/2013","First aid","6.125","206.006","1261.79","Do Not Bill","Framingham","Stuff used to glue fingers back on or tape wounds shut","OOO-Project"
"12559","EXP","ShawnR","0:00:00","0.00","","11/16/2013","Plants","7.125","207.007","1474.92","Billable","Franklin","Things you plant in the ground","UUU-Project"
"12560","EXP","TomH","0:00:00","0.00","","11/16/2013","Landscape Supplies","8.125","208.008","1690.07","Override","Freetown","Compost and other types of poop for plants",""
"12561","EXP","CoreyM","0:00:00","0.00","","11/17/2013","Snacks","9.125","209.009","1907.21","Billable","Gardner","Nacho chips mostly and some beef jerky","AAA-Project"
"12562","EXP","JamesR","0:00:00","0.00","","11/17/2013","Consultants","10.125","210.01","2126.35","Billable","Georgetown","Hiring folks to do stuff we cannot do","EEE-Project"
"12563","EXP","SamS","0:00:00","0.00","","11/17/2013","Safety","11.125","211.011","2347.50","Billable","Gill","Protection for eyes, ears, hands, etc.","GILL-Project01"
"12564","EXP","ShawnR","0:00:00","0.00","","11/17/2013","Hand Tools","1.125","201.001","226.13","Billable","Gloucester","Hammers, saws, etc.","GLOUC-Project02"
"12565","EXP","TomH","0:00:00","0.00","","11/17/2013","Power Tools","2.125","202.002","429.25","Billable","Goshen","Drills, skill saws, nail guns, etc.","III-Project"
"12566","EXP","CoreyM","0:00:00","0.00","","11/17/2013","Cleanup Supplies","3.125","203.003","634.38","No Charge","Gosnold","Trash Bags, trash bags, and more trash bags","OOO-Project"
"12567","EXP","JamesR","0:00:00","0.00","","11/17/2013","Pavers","4.125","204.004","841.52","Billable","Grafton","Stuff used to make a patio or walkway","UUU-Project"
"12568","EXP","SamS","0:00:00","0.00","","11/17/2013","Wood","5.125","205.005","1050.65","Override","Granby","Stuff used to build structures and other things",""
"12569","EXP","ShawnR","0:00:00","0.00","","11/18/2013","First aid","6.125","206.006","1261.79","Do Not Bill","Granville","Stuff used to glue fingers back on or tape wounds shut","AAA-Project"
"12570","EXP","TomH","0:00:00","0.00","","11/18/2013","Plants","7.125","207.007","1474.92","Billable","Great Barrington","Things you plant in the ground","EEE-Project"
"12571","EXP","CoreyM","0:00:00","0.00","","11/18/2013","Landscape Supplies","8.125","208.008","1690.07","Override","Greenfield","Compost and other types of poop for plants","GREEN-Project01"
"12572","EXP","JamesR","0:00:00","0.00","","11/18/2013","Snacks","9.125","209.009","1907.21","Billable","Groton","Nacho chips mostly and some beef jerky","GROTO-Project02"
"12573","EXP","SamS","0:00:00","0.00","","11/18/2013","Consultants","10.125","210.01","2126.35","Billable","Groveland","Hiring folks to do stuff we cannot do","III-Project"
"12574","EXP","ShawnR","0:00:00","0.00","","11/18/2013","Safety","11.125","211.011","2347.50","Billable","Hadley","Protection for eyes, ears, hands, etc.","OOO-Project"
"12575","EXP","TomH","0:00:00","0.00","","11/18/2013","Hand Tools","1.125","201.001","226.13","Billable","Halifax","Hammers, saws, etc.","UUU-Project"
"12576","EXP","CoreyM","0:00:00","0.00","","11/18/2013","Power Tools","2.125","202.002","429.25","Billable","Hamilton","Drills, skill saws, nail guns, etc.",""
"12577","EXP","JamesR","0:00:00","0.00","","11/19/2013","Cleanup Supplies","3.125","203.003","634.38","No Charge","Hampden","Trash Bags, trash bags, and more trash bags","AAA-Project"
"12578","EXP","SamS","0:00:00","0.00","","11/19/2013","Pavers","4.125","204.004","841.52","Billable","Hancock","Stuff used to make a patio or walkway","EEE-Project"
"12579","EXP","ShawnR","0:00:00","0.00","","11/19/2013","Wood","5.125","205.005","1050.65","Override","Hanover","Stuff used to build structures and other things","HANOV-Project01"
"12580","EXP","TomH","0:00:00","0.00","","11/19/2013","First aid","6.125","206.006","1261.79","Do Not Bill","Hanson","Stuff used to glue fingers back on or tape wounds shut","HANSO-Project02"
"12581","EXP","CoreyM","0:00:00","0.00","","11/19/2013","Plants","7.125","207.007","1474.92","Billable","Hardwick","Things you plant in the ground","III-Project"
"12582","EXP","JamesR","0:00:00","0.00","","11/19/2013","Landscape Supplies","8.125","208.008","1690.07","Override","Harvard","Compost and other types of poop for plants","OOO-Project"
"12583","EXP","SamS","0:00:00","0.00","","11/19/2013","Snacks","9.125","209.009","1907.21","Billable","Harwich","Nacho chips mostly and some beef jerky","UUU-Project"
"12584","EXP","ShawnR","0:00:00","0.00","","11/19/2013","Consultants","10.125","210.01","2126.35","Billable","Hatfield","Hiring folks to do stuff we cannot do",""
"12585","EXP","TomH","0:00:00","0.00","","11/20/2013","Safety","11.125","211.011","2347.50","Billable","Haverhill","Protection for eyes, ears, hands, etc.","AAA-Project"
"12586","EXP","CoreyM","0:00:00","0.00","","11/20/2013","Hand Tools","1.125","201.001","226.13","Billable","Hawley","Hammers, saws, etc.","EEE-Project"
"12587","EXP","JamesR","0:00:00","0.00","","11/20/2013","Power Tools","2.125","202.002","429.25","Billable","Heath","Drills, skill saws, nail guns, etc.","HEATH-Project01"
"12588","EXP","SamS","0:00:00","0.00","","11/20/2013","Cleanup Supplies","3.125","203.003","634.38","No Charge","Hingham","Trash Bags, trash bags, and more trash bags","HINGH-Project02"
"12589","EXP","ShawnR","0:00:00","0.00","","11/20/2013","Pavers","4.125","204.004","841.52","Billable","Hinsdale","Stuff used to make a patio or walkway","III-Project"
"12590","EXP","TomH","0:00:00","0.00","","11/20/2013","Wood","5.125","205.005","1050.65","Override","Holbrook","Stuff used to build structures and other things","OOO-Project"
"12591","EXP","CoreyM","0:00:00","0.00","","11/20/2013","First aid","6.125","206.006","1261.79","Do Not Bill","Holden","Stuff used to glue fingers back on or tape wounds shut","UUU-Project"
"12592","EXP","JamesR","0:00:00","0.00","","11/20/2013","Plants","7.125","207.007","1474.92","Billable","Holland","Things you plant in the ground",""
"12593","EXP","SamS","0:00:00","0.00","","11/21/2013","Landscape Supplies","8.125","208.008","1690.07","Override","Holliston","Compost and other types of poop for plants","AAA-Project"
"12594","EXP","ShawnR","0:00:00","0.00","","11/21/2013","Snacks","9.125","209.009","1907.21","Billable","Holyoke","Nacho chips mostly and some beef jerky","EEE-Project"
"12595","EXP","TomH","0:00:00","0.00","","11/21/2013","Consultants","10.125","210.01","2126.35","Billable","Hopedale","Hiring folks to do stuff we cannot do","HOPED-Project01"
"12596","EXP","CoreyM","0:00:00","0.00","","11/21/2013","Safety","11.125","211.011","2347.50","Billable","Hopkinton","Protection for eyes, ears, hands, etc.","HOPKI-Project02"
"12597","EXP","JamesR","0:00:00","0.00","","11/21/2013","Hand Tools","1.125","201.001","226.13","Billable","Hubbardston","Hammers, saws, etc.","III-Project"
"12598","EXP","SamS","0:00:00","0.00","","11/21/2013","Power Tools","2.125","202.002","429.25","Billable","Hudson","Drills, skill saws, nail guns, etc.","OOO-Project"
"12599","EXP","ShawnR","0:00:00","0.00","","11/21/2013","Cleanup Supplies","3.125","203.003","634.38","No Charge","Hull","Trash Bags, trash bags, and more trash bags","UUU-Project"
"12600","EXP","TomH","0:00:00","0.00","","11/21/2013","Pavers","4.125","204.004","841.52","Billable","Huntington","Stuff used to make a patio or walkway",""
"12601","EXP","CoreyM","0:00:00","0.00","","11/22/2013","Wood","5.125","205.005","1050.65","Override","Ipswich","Stuff used to build structures and other things","AAA-Project"
"12602","EXP","JamesR","0:00:00","0.00","","11/22/2013","First aid","6.125","206.006","1261.79","Do Not Bill","Kingston","Stuff used to glue fingers back on or tape wounds shut","EEE-Project"
"12603","EXP","SamS","0:00:00","0.00","","11/22/2013","Plants","7.125","207.007","1474.92","Billable","Lakeville","Things you plant in the ground","III-Project"
"12604","EXP","ShawnR","0:00:00","0.00","","11/22/2013","Landscape Supplies","8.125","208.008","1690.07","Override","Lancaster","Compost and other types of poop for plants","LANCA-Project01"
"12605","EXP","TomH","0:00:00","0.00","","11/22/2013","Snacks","9.125","209.009","1907.21","Billable","Lanesborough","Nacho chips mostly and some beef jerky","LANES-Project02"
"12606","EXP","CoreyM","0:00:00","0.00","","11/22/2013","Consultants","10.125","210.01","2126.35","Billable","Lawrence","Hiring folks to do stuff we cannot do","OOO-Project"
"12607","EXP","JamesR","0:00:00","0.00","","11/22/2013","Safety","11.125","211.011","2347.50","Billable","Lee","Protection for eyes, ears, hands, etc.","UUU-Project"
"12608","EXP","SamS","0:00:00","0.00","","11/22/2013","Hand Tools","1.125","201.001","226.13","Billable","Leicester","Hammers, saws, etc.",""
"12609","EXP","ShawnR","0:00:00","0.00","","11/23/2013","Power Tools","2.125","202.002","429.25","Billable","Lenox","Drills, skill saws, nail guns, etc.","AAA-Project"
"12610","EXP","TomH","0:00:00","0.00","","11/23/2013","Cleanup Supplies","3.125","203.003","634.38","No Charge","Leominster","Trash Bags, trash bags, and more trash bags","EEE-Project"
"12611","EXP","CoreyM","0:00:00","0.00","","11/23/2013","Pavers","4.125","204.004","841.52","Billable","Leverett","Stuff used to make a patio or walkway","III-Project"
"12612","EXP","JamesR","0:00:00","0.00","","11/23/2013","Wood","5.125","205.005","1050.65","Override","Lexington","Stuff used to build structures and other things","LEXIN-Project01"
"12613","EXP","SamS","0:00:00","0.00","","11/23/2013","First aid","6.125","206.006","1261.79","Do Not Bill","Leyden","Stuff used to glue fingers back on or tape wounds shut","LEYDE-Project02"
"12614","EXP","ShawnR","0:00:00","0.00","","11/23/2013","Plants","7.125","207.007","1474.92","Billable","Lincoln","Things you plant in the ground","OOO-Project"
"12615","EXP","TomH","0:00:00","0.00","","11/23/2013","Landscape Supplies","8.125","208.008","1690.07","Override","Littleton","Compost and other types of poop for plants","UUU-Project"
"12616","EXP","CoreyM","0:00:00","0.00","","11/23/2013","Snacks","9.125","209.009","1907.21","Billable","Longmeadow","Nacho chips mostly and some beef jerky",""
"12617","EXP","JamesR","0:00:00","0.00","","11/24/2013","Consultants","10.125","210.01","2126.35","Billable","Lowell","Hiring folks to do stuff we cannot do","AAA-Project"
"12618","EXP","SamS","0:00:00","0.00","","11/24/2013","Safety","11.125","211.011","2347.50","Billable","Ludlow","Protection for eyes, ears, hands, etc.","EEE-Project"
"12619","EXP","ShawnR","0:00:00","0.00","","11/24/2013","Hand Tools","1.125","201.001","226.13","Billable","Lunenburg","Hammers, saws, etc.","III-Project"
"12620","EXP","TomH","0:00:00","0.00","","11/24/2013","Power Tools","2.125","202.002","429.25","Billable","Lynn","Drills, skill saws, nail guns, etc.","LYNN-Project01"
"12621","EXP","CoreyM","0:00:00","0.00","","11/24/2013","Cleanup Supplies","3.125","203.003","634.38","No Charge","Lynnfield","Trash Bags, trash bags, and more trash bags","LYNNF-Project02"
"12622","EXP","JamesR","0:00:00","0.00","","11/24/2013","Pavers","4.125","204.004","841.52","Billable","Malden","Stuff used to make a patio or walkway","OOO-Project"
"12623","EXP","SamS","0:00:00","0.00","","11/24/2013","Wood","5.125","205.005","1050.65","Override","Manchester-by-the-Sea","Stuff used to build structures and other things","UUU-Project"
"12624","EXP","ShawnR","0:00:00","0.00","","11/24/2013","First aid","6.125","206.006","1261.79","Do Not Bill","Mansfield","Stuff used to glue fingers back on or tape wounds shut",""
"12625","EXP","TomH","0:00:00","0.00","","11/25/2013","Plants","7.125","207.007","1474.92","Billable","Marblehead","Things you plant in the ground","AAA-Project"
"12626","EXP","CoreyM","0:00:00","0.00","","11/25/2013","Landscape Supplies","8.125","208.008","1690.07","Override","Marion","Compost and other types of poop for plants","EEE-Project"
"12627","EXP","JamesR","0:00:00","0.00","","11/25/2013","Snacks","9.125","209.009","1907.21","Billable","Marlborough","Nacho chips mostly and some beef jerky","III-Project"
"12628","EXP","SamS","0:00:00","0.00","","11/25/2013","Consultants","10.125","210.01","2126.35","Billable","Marshfield","Hiring folks to do stuff we cannot do","MARSH-Project01"
"12629","EXP","ShawnR","0:00:00","0.00","","11/25/2013","Safety","11.125","211.011","2347.50","Billable","Mashpee","Protection for eyes, ears, hands, etc.","MASHP-Project02"
"12630","EXP","TomH","0:00:00","0.00","","11/25/2013","Hand Tools","1.125","201.001","226.13","Billable","Mattapoisett","Hammers, saws, etc.","OOO-Project"
"12631","EXP","CoreyM","0:00:00","0.00","","11/25/2013","Power Tools","2.125","202.002","429.25","Billable","Maynard","Drills, skill saws, nail guns, etc.","UUU-Project"
"12632","EXP","JamesR","0:00:00","0.00","","11/25/2013","Cleanup Supplies","3.125","203.003","634.38","No Charge","Medfield","Trash Bags, trash bags, and more trash bags",""
"12633","EXP","SamS","0:00:00","0.00","","11/26/2013","Pavers","4.125","204.004","841.52","Billable","Medford","Stuff used to make a patio or walkway","AAA-Project"
"12634","EXP","ShawnR","0:00:00","0.00","","11/26/2013","Wood","5.125","205.005","1050.65","Override","Medway","Stuff used to build structures and other things","EEE-Project"
"12635","EXP","TomH","0:00:00","0.00","","11/26/2013","First aid","6.125","206.006","1261.79","Do Not Bill","Melrose","Stuff used to glue fingers back on or tape wounds shut","III-Project"
"12636","EXP","CoreyM","0:00:00","0.00","","11/26/2013","Plants","7.125","207.007","1474.92","Billable","Mendon","Things you plant in the ground","MENDO-Project01"
"12637","EXP","JamesR","0:00:00","0.00","","11/26/2013","Landscape Supplies","8.125","208.008","1690.07","Override","Merrimac","Compost and other types of poop for plants","MERRI-Project02"
"12638","EXP","SamS","0:00:00","0.00","","11/26/2013","Snacks","9.125","209.009","1907.21","Billable","Methuen","Nacho chips mostly and some beef jerky","OOO-Project"
"12639","EXP","ShawnR","0:00:00","0.00","","11/26/2013","Consultants","10.125","210.01","2126.35","Billable","Middleborough","Hiring folks to do stuff we cannot do","UUU-Project"
"12640","EXP","TomH","0:00:00","0.00","","11/26/2013","Safety","11.125","211.011","2347.50","Billable","Middlefield","Protection for eyes, ears, hands, etc.",""
"12641","EXP","CoreyM","0:00:00","0.00","","11/27/2013","Hand Tools","1.125","201.001","226.13","Billable","Middleton","Hammers, saws, etc.","AAA-Project"
"12642","EXP","JamesR","0:00:00","0.00","","11/27/2013","Power Tools","2.125","202.002","429.25","Billable","Milford","Drills, skill saws, nail guns, etc.","EEE-Project"
"12643","EXP","SamS","0:00:00","0.00","","11/27/2013","Cleanup Supplies","3.125","203.003","634.38","No Charge","Millbury","Trash Bags, trash bags, and more trash bags","III-Project"
"12644","EXP","ShawnR","0:00:00","0.00","","11/27/2013","Pavers","4.125","204.004","841.52","Billable","Millis","Stuff used to make a patio or walkway","MILLI-Project01"
"12645","EXP","TomH","0:00:00","0.00","","11/27/2013","Wood","5.125","205.005","1050.65","Override","Millville","Stuff used to build structures and other things","MILLV-Project02"
"12646","EXP","CoreyM","0:00:00","0.00","","11/27/2013","First aid","6.125","206.006","1261.79","Do Not Bill","Milton","Stuff used to glue fingers back on or tape wounds shut","OOO-Project"
"12647","EXP","JamesR","0:00:00","0.00","","11/27/2013","Plants","7.125","207.007","1474.92","Billable","Monroe","Things you plant in the ground","UUU-Project"
"12648","EXP","SamS","0:00:00","0.00","","11/27/2013","Landscape Supplies","8.125","208.008","1690.07","Override","Monson","Compost and other types of poop for plants",""
"12649","EXP","ShawnR","0:00:00","0.00","","11/28/2013","Snacks","9.125","209.009","1907.21","Billable","Montague","Nacho chips mostly and some beef jerky","AAA-Project"
"12650","EXP","TomH","0:00:00","0.00","","11/28/2013","Consultants","10.125","210.01","2126.35","Billable","Monterey","Hiring folks to do stuff we cannot do","EEE-Project"
"12651","EXP","CoreyM","0:00:00","0.00","","11/28/2013","Safety","11.125","211.011","2347.50","Billable","Montgomery","Protection for eyes, ears, hands, etc.","III-Project"
"12652","EXP","JamesR","0:00:00","0.00","","11/28/2013","Hand Tools","1.125","201.001","226.13","Billable","Mount Washington","Hammers, saws, etc.","MOUNT-Project01"
"12653","EXP","SamS","0:00:00","0.00","","11/28/2013","Power Tools","2.125","202.002","429.25","Billable","Nahant","Drills, skill saws, nail guns, etc.","NAHAN-Project02"
"12654","EXP","ShawnR","0:00:00","0.00","","11/28/2013","Cleanup Supplies","3.125","203.003","634.38","No Charge","Nantucket","Trash Bags, trash bags, and more trash bags","OOO-Project"
"12655","EXP","TomH","0:00:00","0.00","","11/28/2013","Pavers","4.125","204.004","841.52","Billable","Natick","Stuff used to make a patio or walkway","UUU-Project"
"12656","EXP","CoreyM","0:00:00","0.00","","11/28/2013","Wood","5.125","205.005","1050.65","Override","Needham","Stuff used to build structures and other things",""
"12657","EXP","JamesR","0:00:00","0.00","","11/29/2013","First aid","6.125","206.006","1261.79","Do Not Bill","New Ashford","Stuff used to glue fingers back on or tape wounds shut","AAA-Project"
"12658","EXP","SamS","0:00:00","0.00","","11/29/2013","Plants","7.125","207.007","1474.92","Billable","New Bedford","Things you plant in the ground","EEE-Project"
"12659","EXP","ShawnR","0:00:00","0.00","","11/29/2013","Landscape Supplies","8.125","208.008","1690.07","Override","New Braintree","Compost and other types of poop for plants","III-Project"
"12660","EXP","TomH","0:00:00","0.00","","11/29/2013","Snacks","9.125","209.009","1907.21","Billable","New Marlborough","Nacho chips mostly and some beef jerky","NEWMA-Project01"
"12661","EXP","CoreyM","0:00:00","0.00","","11/29/2013","Consultants","10.125","210.01","2126.35","Billable","New Salem","Hiring folks to do stuff we cannot do","NEWSA-Project02"
"12662","EXP","JamesR","0:00:00","0.00","","11/29/2013","Safety","11.125","211.011","2347.50","Billable","Newbury","Protection for eyes, ears, hands, etc.","OOO-Project"
"12663","EXP","SamS","0:00:00","0.00","","11/29/2013","Hand Tools","1.125","201.001","226.13","Billable","Newburyport","Hammers, saws, etc.","UUU-Project"
"12664","EXP","ShawnR","0:00:00","0.00","","11/29/2013","Power Tools","2.125","202.002","429.25","Billable","Newton","Drills, skill saws, nail guns, etc.",""
"12665","EXP","TomH","0:00:00","0.00","","11/30/2013","Cleanup Supplies","3.125","203.003","634.38","No Charge","Norfolk","Trash Bags, trash bags, and more trash bags","AAA-Project"
"12666","EXP","CoreyM","0:00:00","0.00","","11/30/2013","Pavers","4.125","204.004","841.52","Billable","North.Adams","Stuff used to make a patio or walkway","EEE-Project"
"12667","EXP","JamesR","0:00:00","0.00","","11/30/2013","Wood","5.125","205.005","1050.65","Override","North.Andover","Stuff used to build structures and other things","III-Project"
"12668","EXP","SamS","0:00:00","0.00","","11/30/2013","First aid","6.125","206.006","1261.79","Do Not Bill","North.Attleborough","Stuff used to glue fingers back on or tape wounds shut","NORTH-Project01"
"12669","EXP","ShawnR","0:00:00","0.00","","11/30/2013","Plants","7.125","207.007","1474.92","Billable","North.Brookfield","Things you plant in the ground","NORTH-Project02"
"12670","EXP","TomH","0:00:00","0.00","","11/30/2013","Landscape Supplies","8.125","208.008","1690.07","Override","North.Reading","Compost and other types of poop for plants","OOO-Project"
"12671","EXP","CoreyM","0:00:00","0.00","","11/30/2013","Snacks","9.125","209.009","1907.21","Billable","Northampton","Nacho chips mostly and some beef jerky","UUU-Project"
"12672","EXP","JamesR","0:00:00","0.00","","11/30/2013","Consultants","10.125","210.01","2126.35","Billable","Northborough","Hiring folks to do stuff we cannot do",""
"12673","EXP","SamS","0:00:00","0.00","","12/01/2013","Safety","11.125","211.011","2347.50","Billable","Northbridge","Protection for eyes, ears, hands, etc.","AAA-Project"
"12674","EXP","ShawnR","0:00:00","0.00","","12/01/2013","Hand Tools","1.125","201.001","226.13","Billable","Northfield","Hammers, saws, etc.","EEE-Project"
"12675","EXP","TomH","0:00:00","0.00","","12/01/2013","Power Tools","2.125","202.002","429.25","Billable","Norton","Drills, skill saws, nail guns, etc.","III-Project"
"12676","EXP","CoreyM","0:00:00","0.00","","12/01/2013","Cleanup Supplies","3.125","203.003","634.38","No Charge","Norwell","Trash Bags, trash bags, and more trash bags","NORWE-Project01"
"12677","EXP","JamesR","0:00:00","0.00","","12/01/2013","Pavers","4.125","204.004","841.52","Billable","Norwood","Stuff used to make a patio or walkway","NORWO-Project02"
"12678","EXP","SamS","0:00:00","0.00","","12/01/2013","Wood","5.125","205.005","1050.65","Override","Oak Bluffs","Stuff used to build structures and other things","OOO-Project"
"12679","EXP","ShawnR","0:00:00","0.00","","12/01/2013","First aid","6.125","206.006","1261.79","Do Not Bill","Oakham","Stuff used to glue fingers back on or tape wounds shut","UUU-Project"
"12680","EXP","TomH","0:00:00","0.00","","12/01/2013","Plants","7.125","207.007","1474.92","Billable","Orange","Things you plant in the ground",""
"12681","EXP","CoreyM","0:00:00","0.00","","12/02/2013","Landscape Supplies","8.125","208.008","1690.07","Override","Orleans","Compost and other types of poop for plants","AAA-Project"
"12682","EXP","JamesR","0:00:00","0.00","","12/02/2013","Snacks","9.125","209.009","1907.21","Billable","Otis","Nacho chips mostly and some beef jerky","EEE-Project"
"12683","EXP","SamS","0:00:00","0.00","","12/02/2013","Consultants","10.125","210.01","2126.35","Billable","Oxford","Hiring folks to do stuff we cannot do","III-Project"
"12684","EXP","ShawnR","0:00:00","0.00","","12/02/2013","Safety","11.125","211.011","2347.50","Billable","Palmer","Protection for eyes, ears, hands, etc.","OOO-Project"
"12685","EXP","TomH","0:00:00","0.00","","12/02/2013","Hand Tools","1.125","201.001","226.13","Billable","Paxton","Hammers, saws, etc.","PAXTO-Project01"
"12686","EXP","CoreyM","0:00:00","0.00","","12/02/2013","Power Tools","2.125","202.002","429.25","Billable","Peabody","Drills, skill saws, nail guns, etc.","PEABO-Project02"
"12687","EXP","JamesR","0:00:00","0.00","","12/02/2013","Cleanup Supplies","3.125","203.003","634.38","No Charge","Pelham","Trash Bags, trash bags, and more trash bags","UUU-Project"
"12688","EXP","SamS","0:00:00","0.00","","12/02/2013","Pavers","4.125","204.004","841.52","Billable","Pembroke","Stuff used to make a patio or walkway",""
"12689","EXP","ShawnR","0:00:00","0.00","","12/03/2013","Wood","5.125","205.005","1050.65","Override","Pepperell","Stuff used to build structures and other things","AAA-Project"
"12690","EXP","TomH","0:00:00","0.00","","12/03/2013","First aid","6.125","206.006","1261.79","Do Not Bill","Peru","Stuff used to glue fingers back on or tape wounds shut","EEE-Project"
"12691","EXP","CoreyM","0:00:00","0.00","","12/03/2013","Plants","7.125","207.007","1474.92","Billable","Petersham","Things you plant in the ground","III-Project"
"12692","EXP","JamesR","0:00:00","0.00","","12/03/2013","Landscape Supplies","8.125","208.008","1690.07","Override","Phillipston","Compost and other types of poop for plants","OOO-Project"
"12693","EXP","SamS","0:00:00","0.00","","12/03/2013","Snacks","9.125","209.009","1907.21","Billable","Pittsfield","Nacho chips mostly and some beef jerky","PITTS-Project01"
"12694","EXP","ShawnR","0:00:00","0.00","","12/03/2013","Consultants","10.125","210.01","2126.35","Billable","Plainfield","Hiring folks to do stuff we cannot do","PLAIN-Project02"
"12695","EXP","TomH","0:00:00","0.00","","12/03/2013","Safety","11.125","211.011","2347.50","Billable","Plainville","Protection for eyes, ears, hands, etc.","UUU-Project"
"12696","EXP","CoreyM","0:00:00","0.00","","12/03/2013","Hand Tools","1.125","201.001","226.13","Billable","Plymouth","Hammers, saws, etc.",""
"12697","EXP","JamesR","0:00:00","0.00","","12/04/2013","Power Tools","2.125","202.002","429.25","Billable","Plympton","Drills, skill saws, nail guns, etc.","AAA-Project"
"12698","EXP","SamS","0:00:00","0.00","","12/04/2013","Cleanup Supplies","3.125","203.003","634.38","No Charge","Princeton","Trash Bags, trash bags, and more trash bags","EEE-Project"
"12699","EXP","ShawnR","0:00:00","0.00","","12/04/2013","Pavers","4.125","204.004","841.52","Billable","Provincetown","Stuff used to make a patio or walkway","III-Project"
"12700","EXP","TomH","0:00:00","0.00","","12/04/2013","Wood","5.125","205.005","1050.65","Override","Quincy","Stuff used to build structures and other things","OOO-Project"
"12701","EXP","CoreyM","0:00:00","0.00","","12/04/2013","First aid","6.125","206.006","1261.79","Do Not Bill","Randolph","Stuff used to glue fingers back on or tape wounds shut","RANDO-Project01"
"12702","EXP","JamesR","0:00:00","0.00","","12/04/2013","Plants","7.125","207.007","1474.92","Billable","Raynham","Things you plant in the ground","RAYNH-Project02"
"12703","EXP","SamS","0:00:00","0.00","","12/04/2013","Landscape Supplies","8.125","208.008","1690.07","Override","Reading","Compost and other types of poop for plants","UUU-Project"
"12704","EXP","ShawnR","0:00:00","0.00","","12/04/2013","Snacks","9.125","209.009","1907.21","Billable","Rehoboth","Nacho chips mostly and some beef jerky",""
"12705","EXP","TomH","0:00:00","0.00","","12/05/2013","Consultants","10.125","210.01","2126.35","Billable","Revere","Hiring folks to do stuff we cannot do","AAA-Project"
"12706","EXP","CoreyM","0:00:00","0.00","","12/05/2013","Safety","11.125","211.011","2347.50","Billable","Richmond","Protection for eyes, ears, hands, etc.","EEE-Project"
"12707","EXP","JamesR","0:00:00","0.00","","12/05/2013","Hand Tools","1.125","201.001","226.13","Billable","Rochester","Hammers, saws, etc.","III-Project"
"12708","EXP","SamS","0:00:00","0.00","","12/05/2013","Power Tools","2.125","202.002","429.25","Billable","Rockland","Drills, skill saws, nail guns, etc.","OOO-Project"
"12709","EXP","ShawnR","0:00:00","0.00","","12/05/2013","Cleanup Supplies","3.125","203.003","634.38","No Charge","Rockport","Trash Bags, trash bags, and more trash bags","ROCKP-Project01"
"12710","EXP","TomH","0:00:00","0.00","","12/05/2013","Pavers","4.125","204.004","841.52","Billable","Rowe","Stuff used to make a patio or walkway","ROWE-Project02"
"12711","EXP","CoreyM","0:00:00","0.00","","12/05/2013","Wood","5.125","205.005","1050.65","Override","Rowley","Stuff used to build structures and other things","UUU-Project"
"12712","EXP","JamesR","0:00:00","0.00","","12/05/2013","First aid","6.125","206.006","1261.79","Do Not Bill","Royalston","Stuff used to glue fingers back on or tape wounds shut",""
"12713","EXP","SamS","0:00:00","0.00","","12/06/2013","Plants","7.125","207.007","1474.92","Billable","Russell","Things you plant in the ground","AAA-Project"
"12714","EXP","ShawnR","0:00:00","0.00","","12/06/2013","Landscape Supplies","8.125","208.008","1690.07","Override","Rutland","Compost and other types of poop for plants","EEE-Project"
"12715","EXP","TomH","0:00:00","0.00","","12/06/2013","Snacks","9.125","209.009","1907.21","Billable","Salem","Nacho chips mostly and some beef jerky","III-Project"
"12716","EXP","CoreyM","0:00:00","0.00","","12/06/2013","Consultants","10.125","210.01","2126.35","Billable","Salisbury","Hiring folks to do stuff we cannot do","OOO-Project"
"12717","EXP","JamesR","0:00:00","0.00","","12/06/2013","Safety","11.125","211.011","2347.50","Billable","Sandisfield","Protection for eyes, ears, hands, etc.","SANDI-Project01"
"12718","EXP","SamS","0:00:00","0.00","","12/06/2013","Hand Tools","1.125","201.001","226.13","Billable","Sandwich","Hammers, saws, etc.","SANDW-Project02"
"12719","EXP","ShawnR","0:00:00","0.00","","12/06/2013","Power Tools","2.125","202.002","429.25","Billable","Saugus","Drills, skill saws, nail guns, etc.","UUU-Project"
"12720","EXP","TomH","0:00:00","0.00","","12/06/2013","Cleanup Supplies","3.125","203.003","634.38","No Charge","Savoy","Trash Bags, trash bags, and more trash bags",""
"12721","EXP","CoreyM","0:00:00","0.00","","12/07/2013","Pavers","4.125","204.004","841.52","Billable","Scituate","Stuff used to make a patio or walkway","AAA-Project"
"12722","EXP","JamesR","0:00:00","0.00","","12/07/2013","Wood","5.125","205.005","1050.65","Override","Seekonk","Stuff used to build structures and other things","EEE-Project"
"12723","EXP","SamS","0:00:00","0.00","","12/07/2013","First aid","6.125","206.006","1261.79","Do Not Bill","Sharon","Stuff used to glue fingers back on or tape wounds shut","III-Project"
"12724","EXP","ShawnR","0:00:00","0.00","","12/07/2013","Plants","7.125","207.007","1474.92","Billable","Sheffield","Things you plant in the ground","OOO-Project"
"12725","EXP","TomH","0:00:00","0.00","","12/07/2013","Landscape Supplies","8.125","208.008","1690.07","Override","Shelburne","Compost and other types of poop for plants","SHELB-Project01"
"12726","EXP","CoreyM","0:00:00","0.00","","12/07/2013","Snacks","9.125","209.009","1907.21","Billable","Sherborn","Nacho chips mostly and some beef jerky","SHERB-Project02"
"12727","EXP","JamesR","0:00:00","0.00","","12/07/2013","Consultants","10.125","210.01","2126.35","Billable","Shirley","Hiring folks to do stuff we cannot do","UUU-Project"
"12728","EXP","SamS","0:00:00","0.00","","12/07/2013","Safety","11.125","211.011","2347.50","Billable","Shrewsbury","Protection for eyes, ears, hands, etc.",""
"12729","EXP","ShawnR","0:00:00","0.00","","12/08/2013","Hand Tools","1.125","201.001","226.13","Billable","Shutesbury","Hammers, saws, etc.","AAA-Project"
"12730","EXP","TomH","0:00:00","0.00","","12/08/2013","Power Tools","2.125","202.002","429.25","Billable","Somerset","Drills, skill saws, nail guns, etc.","EEE-Project"
"12731","EXP","CoreyM","0:00:00","0.00","","12/08/2013","Cleanup Supplies","3.125","203.003","634.38","No Charge","Somerville","Trash Bags, trash bags, and more trash bags","III-Project"
"12732","EXP","JamesR","0:00:00","0.00","","12/08/2013","Pavers","4.125","204.004","841.52","Billable","South.Hadley","Stuff used to make a patio or walkway","OOO-Project"
"12733","EXP","SamS","0:00:00","0.00","","12/08/2013","Wood","5.125","205.005","1050.65","Override","Southampton","Stuff used to build structures and other things","SOUTH-Project01"
"12734","EXP","ShawnR","0:00:00","0.00","","12/08/2013","First aid","6.125","206.006","1261.79","Do Not Bill","Southborough","Stuff used to glue fingers back on or tape wounds shut","SOUTH-Project02"
"12735","EXP","TomH","0:00:00","0.00","","12/08/2013","Plants","7.125","207.007","1474.92","Billable","Southbridge","Things you plant in the ground","UUU-Project"
"12736","EXP","CoreyM","0:00:00","0.00","","12/08/2013","Landscape Supplies","8.125","208.008","1690.07","Override","Southwick","Compost and other types of poop for plants",""
"12737","EXP","JamesR","0:00:00","0.00","","12/09/2013","Snacks","9.125","209.009","1907.21","Billable","Spencer","Nacho chips mostly and some beef jerky","AAA-Project"
"12738","EXP","SamS","0:00:00","0.00","","12/09/2013","Consultants","10.125","210.01","2126.35","Billable","Springfield","Hiring folks to do stuff we cannot do","EEE-Project"
"12739","EXP","ShawnR","0:00:00","0.00","","12/09/2013","Safety","11.125","211.011","2347.50","Billable","Sterling","Protection for eyes, ears, hands, etc.","III-Project"
"12740","EXP","TomH","0:00:00","0.00","","12/09/2013","Hand Tools","1.125","201.001","226.13","Billable","Stockbridge","Hammers, saws, etc.","OOO-Project"
"12741","EXP","CoreyM","0:00:00","0.00","","12/09/2013","Power Tools","2.125","202.002","429.25","Billable","Stoneham","Drills, skill saws, nail guns, etc.","STONE-Project01"
"12742","EXP","JamesR","0:00:00","0.00","","12/09/2013","Cleanup Supplies","3.125","203.003","634.38","No Charge","Stoughton","Trash Bags, trash bags, and more trash bags","STOUG-Project02"
"12743","EXP","SamS","0:00:00","0.00","","12/09/2013","Pavers","4.125","204.004","841.52","Billable","Stow","Stuff used to make a patio or walkway","UUU-Project"
"12744","EXP","ShawnR","0:00:00","0.00","","12/09/2013","Wood","5.125","205.005","1050.65","Override","Sturbridge","Stuff used to build structures and other things",""
"12745","EXP","TomH","0:00:00","0.00","","12/10/2013","First aid","6.125","206.006","1261.79","Do Not Bill","Sudbury","Stuff used to glue fingers back on or tape wounds shut","AAA-Project"
"12746","EXP","CoreyM","0:00:00","0.00","","12/10/2013","Plants","7.125","207.007","1474.92","Billable","Sunderland","Things you plant in the ground","EEE-Project"
"12747","EXP","JamesR","0:00:00","0.00","","12/10/2013","Landscape Supplies","8.125","208.008","1690.07","Override","Sutton","Compost and other types of poop for plants","III-Project"
"12748","EXP","SamS","0:00:00","0.00","","12/10/2013","Snacks","9.125","209.009","1907.21","Billable","Swampscott","Nacho chips mostly and some beef jerky","OOO-Project"
"12749","EXP","ShawnR","0:00:00","0.00","","12/10/2013","Consultants","10.125","210.01","2126.35","Billable","Swansea","Hiring folks to do stuff we cannot do","SWANS-Project01"
"12750","EXP","TomH","0:00:00","0.00","","12/10/2013","Safety","11.125","211.011","2347.50","Billable","Taunton","Protection for eyes, ears, hands, etc.","TAUNT-Project02"
"12751","EXP","CoreyM","0:00:00","0.00","","12/10/2013","Hand Tools","1.125","201.001","226.13","Billable","Templeton","Hammers, saws, etc.","UUU-Project"
"12752","EXP","JamesR","0:00:00","0.00","","12/10/2013","Power Tools","2.125","202.002","429.25","Billable","Tewksbury","Drills, skill saws, nail guns, etc.",""
"12753","EXP","SamS","0:00:00","0.00","","12/11/2013","Cleanup Supplies","3.125","203.003","634.38","No Charge","Tisbury","Trash Bags, trash bags, and more trash bags","AAA-Project"
"12754","EXP","ShawnR","0:00:00","0.00","","12/11/2013","Pavers","4.125","204.004","841.52","Billable","Tolland","Stuff used to make a patio or walkway","EEE-Project"
"12755","EXP","TomH","0:00:00","0.00","","12/11/2013","Wood","5.125","205.005","1050.65","Override","Topsfield","Stuff used to build structures and other things","III-Project"
"12756","EXP","CoreyM","0:00:00","0.00","","12/11/2013","First aid","6.125","206.006","1261.79","Do Not Bill","Townsend","Stuff used to glue fingers back on or tape wounds shut","OOO-Project"
"12757","EXP","JamesR","0:00:00","0.00","","12/11/2013","Plants","7.125","207.007","1474.92","Billable","Truro","Things you plant in the ground","TRURO-Project01"
"12758","EXP","SamS","0:00:00","0.00","","12/11/2013","Landscape Supplies","8.125","208.008","1690.07","Override","Tyngsborough","Compost and other types of poop for plants","TYNGS-Project02"
"12759","EXP","ShawnR","0:00:00","0.00","","12/11/2013","Snacks","9.125","209.009","1907.21","Billable","Tyringham","Nacho chips mostly and some beef jerky","UUU-Project"
"12760","EXP","TomH","0:00:00","0.00","","12/11/2013","Consultants","10.125","210.01","2126.35","Billable","Upton","Hiring folks to do stuff we cannot do",""
"12761","EXP","CoreyM","0:00:00","0.00","","12/12/2013","Safety","11.125","211.011","2347.50","Billable","Uxbridge","Protection for eyes, ears, hands, etc.","AAA-Project"
"12762","EXP","JamesR","0:00:00","0.00","","12/12/2013","Hand Tools","1.125","201.001","226.13","Billable","Wakefield","Hammers, saws, etc.","EEE-Project"
"12763","EXP","SamS","0:00:00","0.00","","12/12/2013","Power Tools","2.125","202.002","429.25","Billable","Wales","Drills, skill saws, nail guns, etc.","III-Project"
"12764","EXP","ShawnR","0:00:00","0.00","","12/12/2013","Cleanup Supplies","3.125","203.003","634.38","No Charge","Walpole","Trash Bags, trash bags, and more trash bags","OOO-Project"
"12765","EXP","TomH","0:00:00","0.00","","12/12/2013","Pavers","4.125","204.004","841.52","Billable","Waltham","Stuff used to make a patio or walkway","UUU-Project"
"12766","EXP","CoreyM","0:00:00","0.00","","12/12/2013","Wood","5.125","205.005","1050.65","Override","Ware","Stuff used to build structures and other things","WARE-Project01"
"12767","EXP","JamesR","0:00:00","0.00","","12/12/2013","First aid","6.125","206.006","1261.79","Do Not Bill","Wareham","Stuff used to glue fingers back on or tape wounds shut","WAREH-Project02"
"12768","EXP","SamS","0:00:00","0.00","","12/12/2013","Plants","7.125","207.007","1474.92","Billable","Warren","Things you plant in the ground",""
"12769","EXP","ShawnR","0:00:00","0.00","","12/13/2013","Landscape Supplies","8.125","208.008","1690.07","Override","Warwick","Compost and other types of poop for plants","AAA-Project"
"12770","EXP","TomH","0:00:00","0.00","","12/13/2013","Snacks","9.125","209.009","1907.21","Billable","Washington","Nacho chips mostly and some beef jerky","EEE-Project"
"12771","EXP","CoreyM","0:00:00","0.00","","12/13/2013","Consultants","10.125","210.01","2126.35","Billable","Watertown","Hiring folks to do stuff we cannot do","III-Project"
"12772","EXP","JamesR","0:00:00","0.00","","12/13/2013","Safety","11.125","211.011","2347.50","Billable","Wayland","Protection for eyes, ears, hands, etc.","OOO-Project"
"12773","EXP","SamS","0:00:00","0.00","","12/13/2013","Hand Tools","1.125","201.001","226.13","Billable","Webster","Hammers, saws, etc.","UUU-Project"
"12774","EXP","ShawnR","0:00:00","0.00","","12/13/2013","Power Tools","2.125","202.002","429.25","Billable","Wellesley","Drills, skill saws, nail guns, etc.","WELLE-Project01"
"12775","EXP","TomH","0:00:00","0.00","","12/13/2013","Cleanup Supplies","3.125","203.003","634.38","No Charge","Wellfleet","Trash Bags, trash bags, and more trash bags","WELLF-Project02"
"12776","EXP","CoreyM","0:00:00","0.00","","12/13/2013","Pavers","4.125","204.004","841.52","Billable","Wendell","Stuff used to make a patio or walkway",""
"12777","EXP","JamesR","0:00:00","0.00","","12/14/2013","Wood","5.125","205.005","1050.65","Override","Wenham","Stuff used to build structures and other things","AAA-Project"
"12778","EXP","SamS","0:00:00","0.00","","12/14/2013","First aid","6.125","206.006","1261.79","Do Not Bill","West.Boylston","Stuff used to glue fingers back on or tape wounds shut","EEE-Project"
"12779","EXP","ShawnR","0:00:00","0.00","","12/14/2013","Plants","7.125","207.007","1474.92","Billable","West.Bridgewater","Things you plant in the ground","III-Project"
"12780","EXP","TomH","0:00:00","0.00","","12/14/2013","Landscape Supplies","8.125","208.008","1690.07","Override","West.Brookfield","Compost and other types of poop for plants","OOO-Project"
"12781","EXP","CoreyM","0:00:00","0.00","","12/14/2013","Snacks","9.125","209.009","1907.21","Billable","West.Newbury","Nacho chips mostly and some beef jerky","UUU-Project"
"12782","EXP","JamesR","0:00:00","0.00","","12/14/2013","Consultants","10.125","210.01","2126.35","Billable","West.Springfield","Hiring folks to do stuff we cannot do","WESTS-Project01"
"12783","EXP","SamS","0:00:00","0.00","","12/14/2013","Safety","11.125","211.011","2347.50","Billable","West.Stockbridge","Protection for eyes, ears, hands, etc.","WESTS-Project02"
"12784","EXP","ShawnR","0:00:00","0.00","","12/14/2013","Hand Tools","1.125","201.001","226.13","Billable","West.Tisbury","Hammers, saws, etc.",""
"12785","EXP","TomH","0:00:00","0.00","","12/15/2013","Power Tools","2.125","202.002","429.25","Billable","Westborough","Drills, skill saws, nail guns, etc.","AAA-Project"
"12786","EXP","CoreyM","0:00:00","0.00","","12/15/2013","Cleanup Supplies","3.125","203.003","634.38","No Charge","Westfield","Trash Bags, trash bags, and more trash bags","EEE-Project"
"12787","EXP","JamesR","0:00:00","0.00","","12/15/2013","Pavers","4.125","204.004","841.52","Billable","Westford","Stuff used to make a patio or walkway","III-Project"
"12788","EXP","SamS","0:00:00","0.00","","12/15/2013","Wood","5.125","205.005","1050.65","Override","Westhampton","Stuff used to build structures and other things","OOO-Project"
"12789","EXP","ShawnR","0:00:00","0.00","","12/15/2013","First aid","6.125","206.006","1261.79","Do Not Bill","Westminster","Stuff used to glue fingers back on or tape wounds shut","UUU-Project"
"12790","EXP","TomH","0:00:00","0.00","","12/15/2013","Plants","7.125","207.007","1474.92","Billable","Weston","Things you plant in the ground","WESTO-Project01"
"12791","EXP","CoreyM","0:00:00","0.00","","12/15/2013","Landscape Supplies","8.125","208.008","1690.07","Override","Westport","Compost and other types of poop for plants","WESTP-Project02"
"12792","EXP","JamesR","0:00:00","0.00","","12/15/2013","Snacks","9.125","209.009","1907.21","Billable","Westwood","Nacho chips mostly and some beef jerky",""
"12793","EXP","SamS","0:00:00","0.00","","12/16/2013","Consultants","10.125","210.01","2126.35","Billable","Weymouth","Hiring folks to do stuff we cannot do","AAA-Project"
"12794","EXP","ShawnR","0:00:00","0.00","","12/16/2013","Safety","11.125","211.011","2347.50","Billable","Whately","Protection for eyes, ears, hands, etc.","EEE-Project"
"12795","EXP","TomH","0:00:00","0.00","","12/16/2013","Hand Tools","1.125","201.001","226.13","Billable","Whitman","Hammers, saws, etc.","III-Project"
"12796","EXP","CoreyM","0:00:00","0.00","","12/16/2013","Power Tools","2.125","202.002","429.25","Billable","Wilbraham","Drills, skill saws, nail guns, etc.","OOO-Project"
"12797","EXP","JamesR","0:00:00","0.00","","12/16/2013","Cleanup Supplies","3.125","203.003","634.38","No Charge","Williamsburg","Trash Bags, trash bags, and more trash bags","UUU-Project"
"12798","EXP","SamS","0:00:00","0.00","","12/16/2013","Pavers","4.125","204.004","841.52","Billable","Williamstown","Stuff used to make a patio or walkway","WILLI-Project01"
"12799","EXP","ShawnR","0:00:00","0.00","","12/16/2013","Wood","5.125","205.005","1050.65","Override","Wilmington","Stuff used to build structures and other things","WILMI-Project02"
"12800","EXP","TomH","0:00:00","0.00","","12/16/2013","First aid","6.125","206.006","1261.79","Do Not Bill","Winchendon","Stuff used to glue fingers back on or tape wounds shut",""
"12801","EXP","CoreyM","0:00:00","0.00","","12/17/2013","Plants","7.125","207.007","1474.92","Billable","Winchester","Things you plant in the ground","AAA-Project"
"12802","EXP","JamesR","0:00:00","0.00","","12/17/2013","Landscape Supplies","8.125","208.008","1690.07","Override","Windsor","Compost and other types of poop for plants","EEE-Project"
"12803","EXP","SamS","0:00:00","0.00","","12/17/2013","Snacks","9.125","209.009","1907.21","Billable","Winthrop","Nacho chips mostly and some beef jerky","III-Project"
"12804","EXP","ShawnR","0:00:00","0.00","","12/17/2013","Consultants","10.125","210.01","2126.35","Billable","Woburn","Hiring folks to do stuff we cannot do","OOO-Project"
"12805","EXP","TomH","0:00:00","0.00","","12/17/2013","Safety","11.125","211.011","2347.50","Billable","Worcester","Protection for eyes, ears, hands, etc.","UUU-Project"
"12806","EXP","CoreyM","0:00:00","0.00","","12/17/2013","Hand Tools","1.125","201.001","226.13","Billable","Worthington","Hammers, saws, etc.","WORTH-Project01"
"12807","EXP","JamesR","0:00:00","0.00","","12/17/2013","Power Tools","2.125","202.002","429.25","Billable","Wrentham","Drills, skill saws, nail guns, etc.","WRENT-Project02"
"12808","EXP","SamS","0:00:00","0.00","","12/17/2013","Cleanup Supplies","3.125","203.003","634.38","No Charge","Yarmouth","Trash Bags, trash bags, and more trash bags",""
"12809","TIME","CoreyM","1:50:24","215.11","Hourly","01/04/2013","Lot Maintenance","0.000","0.00","395.80","Override","Saugus","Mow, trim, dig up, and spread",""
"12810","TIME","CoreyM","1:22:48","215.11","Hourly","01/04/2013","Lot Maintenance","0.000","0.00","296.85","Override","Peabody","Mow, trim, dig up, and spread",""
"12811","TIME","SamS","8:12:00","103.08","Hourly","01/27/2013","Planting","0.000","0.00","845.26","Override","Amherst","Plant all kinds of stuff",""
"12812","TIME","CoreyM","5:12:00","102.06","Hourly","01/27/2013","Clean","0.000","0.00","530.71","Do Not Bill","Alford","Take away wreckage and trash and then sweep up","OOO-Project"
"12813","TIME","ShawnR","9:12:00","104.09","Hourly","01/27/2013","Lot Maintenance","0.000","0.00","957.63","Override","Andover","Mow, trim, dig up, and spread","AAA-Project"
"12814","TIME","JamesR","7:12:00","105.07","Hourly","01/27/2013","DesignL","0.000","0.00","756.50","Override","Amesbury","Noodle about landscape","UUU-Project"
"12815","TIME","TomH","10:12:00","101.10","Hourly","01/27/2013","Water Feature","0.000","0.00","1031.22","No Charge","Aquinnah","Make something splash and flow","AQUIN-Project01"
"12816","TIME","JamesR","1:38:24","215.11","Hourly","02/17/2013","Planting","0.000","0.00","352.78","Billable","Saugus","Plant all kinds of stuff",""
"12817","TIME","JamesR","1:13:48","215.11","Hourly","02/17/2013","Planting","0.000","0.00","264.58","Billable","Peabody","Plant all kinds of stuff",""
"12818","TIME","SamS","8:12:00","103.08","Hourly","02/27/2013","Planting","0.000","0.00","845.26","Override","Amherst","Plant all kinds of stuff",""
"12819","TIME","CoreyM","5:12:00","102.06","Hourly","02/27/2013","Clean","0.000","0.00","530.71","Do Not Bill","Alford","Take away wreckage and trash and then sweep up","OOO-Project"
"12820","TIME","ShawnR","9:12:00","104.09","Hourly","02/27/2013","Lot Maintenance","0.000","0.00","957.63","Override","Andover","Mow, trim, dig up, and spread","AAA-Project"
"12821","TIME","JamesR","7:12:00","105.07","Hourly","02/27/2013","DesignL","0.000","0.00","756.50","Override","Amesbury","Noodle about landscape","UUU-Project"
"12822","TIME","TomH","10:12:00","101.10","Hourly","02/27/2013","Water Feature","0.000","0.00","1031.22","No Charge","Aquinnah","Make something splash and flow","AQUIN-Project01"
"12823","TIME","SamS","8:12:00","103.08","Hourly","03/27/2013","Planting","0.000","0.00","845.26","Override","Amherst","Plant all kinds of stuff",""
"12824","TIME","CoreyM","5:12:00","102.06","Hourly","03/27/2013","Clean","0.000","0.00","530.71","Do Not Bill","Alford","Take away wreckage and trash and then sweep up","OOO-Project"
"12825","TIME","ShawnR","9:12:00","104.09","Hourly","03/27/2013","Lot Maintenance","0.000","0.00","957.63","Override","Andover","Mow, trim, dig up, and spread","AAA-Project"
"12826","TIME","JamesR","7:12:00","105.07","Hourly","03/27/2013","DesignL","0.000","0.00","756.50","Override","Amesbury","Noodle about landscape","UUU-Project"
"12827","TIME","TomH","10:12:00","101.10","Hourly","03/27/2013","Water Feature","0.000","0.00","1031.22","No Charge","Aquinnah","Make something splash and flow","AQUIN-Project01"
"12828","EXP","JamesR","0:00:00","0.00","","04/27/2013","Cleanup Supplies","3.125","203.003","634.38","No Charge","Agawam","Trash Bags, trash bags, and more trash bags","AGAWA-Project02"
"12829","EXP","SamS","0:00:00","0.00","","04/02/2013","Plants","1.781","207.007","368.73","Billable","Saugus","Things you plant in the ground",""
"12830","EXP","SamS","0:00:00","0.00","","04/02/2013","Plants","1.425","207.007","294.98","Billable","Peabody","Things you plant in the ground",""
"12831","TIME","SamS","8:12:00","103.08","Hourly","04/27/2013","Planting","0.000","0.00","845.26","Override","Amherst","Plant all kinds of stuff",""
"12832","EXP","TomH","0:00:00","0.00","","04/27/2013","First aid","6.125","206.006","1261.79","Do Not Bill","Amherst","Stuff used to glue fingers back on or tape wounds shut","OOO-Project"
"12833","EXP","CoreyM","0:00:00","0.00","","04/27/2013","Power Tools","2.125","202.002","429.25","Override","Adams","Drills, skill saws, nail guns, etc.","ADAMS-Project01"
"12834","TIME","CoreyM","5:12:00","102.06","Hourly","04/27/2013","Clean","0.000","0.00","530.71","Do Not Bill","Alford","Take away wreckage and trash and then sweep up","OOO-Project"
"12835","EXP","SamS","0:00:00","0.00","","04/27/2013","Pavers","4.125","204.004","841.52","Override","Alford","Stuff used to make a patio or walkway","EEE-Project"
"12836","TIME","ShawnR","9:12:00","104.09","Hourly","04/27/2013","Lot Maintenance","0.000","0.00","957.63","Override","Andover","Mow, trim, dig up, and spread","AAA-Project"
"12837","TIME","JamesR","7:12:00","105.07","Hourly","04/27/2013","DesignL","0.000","0.00","756.50","Override","Amesbury","Noodle about landscape","UUU-Project"
"12838","EXP","ShawnR","0:00:00","0.00","","04/27/2013","Wood","5.125","205.005","1050.65","Override","Amesbury","Stuff used to build structures and other things","III-Project"
"12839","TIME","TomH","10:12:00","101.10","Hourly","04/27/2013","Water Feature","0.000","0.00","1031.22","No Charge","Aquinnah","Make something splash and flow","AQUIN-Project01"
"12840","EXP","JamesR","0:00:00","0.00","","05/27/2013","Cleanup Supplies","3.125","203.003","634.38","No Charge","Agawam","Trash Bags, trash bags, and more trash bags","AGAWA-Project02"
"12841","EXP","ShawnR","0:00:00","0.00","","05/16/2013","First aid","1.531","206.006","315.44","Do Not Bill","Saugus","Stuff used to glue fingers back on or tape wounds shut",""
"12842","EXP","ShawnR","0:00:00","0.00","","05/16/2013","First aid","1.225","206.006","252.35","Do Not Bill","Peabody","Stuff used to glue fingers back on or tape wounds shut",""
"12843","TIME","SamS","8:12:00","103.08","Hourly","05/27/2013","Planting","0.000","0.00","845.26","Override","Amherst","Plant all kinds of stuff",""
"12844","EXP","TomH","0:00:00","0.00","","05/27/2013","First aid","6.125","206.006","1261.79","Do Not Bill","Amherst","Stuff used to glue fingers back on or tape wounds shut","OOO-Project"
"12845","EXP","CoreyM","0:00:00","0.00","","05/27/2013","Power Tools","2.125","202.002","429.25","Override","Adams","Drills, skill saws, nail guns, etc.","ADAMS-Project01"
"12846","TIME","CoreyM","5:12:00","102.06","Hourly","05/27/2013","Clean","0.000","0.00","530.71","Do Not Bill","Alford","Take away wreckage and trash and then sweep up","OOO-Project"
"12847","EXP","SamS","0:00:00","0.00","","05/27/2013","Pavers","4.125","204.004","841.52","Override","Alford","Stuff used to make a patio or walkway","EEE-Project"
"12848","TIME","ShawnR","9:12:00","104.09","Hourly","05/27/2013","Lot Maintenance","0.000","0.00","957.63","Override","Andover","Mow, trim, dig up, and spread","AAA-Project"
"12849","TIME","JamesR","7:12:00","105.07","Hourly","05/27/2013","DesignL","0.000","0.00","756.50","Override","Amesbury","Noodle about landscape","UUU-Project"
"12850","EXP","ShawnR","0:00:00","0.00","","05/27/2013","Wood","5.125","205.005","1050.65","Override","Amesbury","Stuff used to build structures and other things","III-Project"
"12851","TIME","TomH","10:12:00","101.10","Hourly","05/27/2013","Water Feature","0.000","0.00","1031.22","No Charge","Aquinnah","Make something splash and flow","AQUIN-Project01"
"12852","EXP","JamesR","0:00:00","0.00","","06/27/2013","Cleanup Supplies","3.125","203.003","634.38","No Charge","Agawam","Trash Bags, trash bags, and more trash bags","AGAWA-Project02"
"12853","TIME","SamS","8:12:00","103.08","Hourly","06/27/2013","Planting","0.000","0.00","845.26","Override","Amherst","Plant all kinds of stuff",""
"12854","EXP","TomH","0:00:00","0.00","","06/27/2013","First aid","6.125","206.006","1261.79","Do Not Bill","Amherst","Stuff used to glue fingers back on or tape wounds shut","OOO-Project"
"12855","EXP","CoreyM","0:00:00","0.00","","06/27/2013","Power Tools","2.125","202.002","429.25","Override","Adams","Drills, skill saws, nail guns, etc.","ADAMS-Project01"
"12856","TIME","CoreyM","5:12:00","102.06","Hourly","06/27/2013","Clean","0.000","0.00","530.71","Do Not Bill","Alford","Take away wreckage and trash and then sweep up","OOO-Project"
"12857","EXP","SamS","0:00:00","0.00","","06/27/2013","Pavers","4.125","204.004","841.52","Override","Alford","Stuff used to make a patio or walkway","EEE-Project"
"12858","TIME","ShawnR","9:12:00","104.09","Hourly","06/27/2013","Lot Maintenance","0.000","0.00","957.63","Override","Andover","Mow, trim, dig up, and spread","AAA-Project"
"12859","TIME","JamesR","7:12:00","105.07","Hourly","06/27/2013","DesignL","0.000","0.00","756.50","Override","Amesbury","Noodle about landscape","UUU-Project"
"12860","EXP","ShawnR","0:00:00","0.00","","06/27/2013","Wood","5.125","205.005","1050.65","Override","Amesbury","Stuff used to build structures and other things","III-Project"
"12861","TIME","TomH","10:12:00","101.10","Hourly","06/27/2013","Water Feature","0.000","0.00","1031.22","No Charge","Aquinnah","Make something splash and flow","AQUIN-Project01"
"12862","EXP","JamesR","0:00:00","0.00","","07/27/2013","Cleanup Supplies","3.125","203.003","634.38","No Charge","Agawam","Trash Bags, trash bags, and more trash bags","AGAWA-Project02"
"12863","TIME","TomH","0:50:24","215.11","Hourly","06/29/2013","Bid","0.000","0.00","180.69","Override","Saugus","Promise you can do something great",""
"12864","TIME","TomH","0:37:48","215.11","Hourly","06/29/2013","Bid","0.000","0.00","135.51","Override","Peabody","Promise you can do something great",""
"12865","TIME","SamS","8:12:00","103.08","Hourly","07/27/2013","Planting","0.000","0.00","845.26","Override","Amherst","Plant all kinds of stuff",""
"12866","EXP","TomH","0:00:00","0.00","","07/27/2013","First aid","6.125","206.006","1261.79","Do Not Bill","Amherst","Stuff used to glue fingers back on or tape wounds shut","OOO-Project"
"12867","EXP","CoreyM","0:00:00","0.00","","07/27/2013","Power Tools","2.125","202.002","429.25","Override","Adams","Drills, skill saws, nail guns, etc.","ADAMS-Project01"
"12868","TIME","CoreyM","5:12:00","102.06","Hourly","07/27/2013","Clean","0.000","0.00","530.71","Do Not Bill","Alford","Take away wreckage and trash and then sweep up","OOO-Project"
"12869","EXP","SamS","0:00:00","0.00","","07/27/2013","Pavers","4.125","204.004","841.52","Override","Alford","Stuff used to make a patio or walkway","EEE-Project"
"12870","TIME","ShawnR","9:12:00","104.09","Hourly","07/27/2013","Lot Maintenance","0.000","0.00","957.63","Override","Andover","Mow, trim, dig up, and spread","AAA-Project"
"12871","TIME","JamesR","7:12:00","105.07","Hourly","07/27/2013","DesignL","0.000","0.00","756.50","Override","Amesbury","Noodle about landscape","UUU-Project"
"12872","EXP","ShawnR","0:00:00","0.00","","07/27/2013","Wood","5.125","205.005","1050.65","Override","Amesbury","Stuff used to build structures and other things","III-Project"
"12873","TIME","TomH","10:12:00","101.10","Hourly","07/27/2013","Water Feature","0.000","0.00","1031.22","No Charge","Aquinnah","Make something splash and flow","AQUIN-Project01"
